preV1par00 	-0.0418099	4.66075	-0.115219	0.0352789	678
pngV<<pngV 	0.0597175	4.84737	0.13981	0.010659	582
VBT << VBT 	0.146118	4.85075	-0.849991	-0.947755	571
----<<Subj 	-0.0283054	2.3662	-0.0791889	0.0358	544
preV2sub00 	-0.048983	2.6118	-0.0817079	-0.0623085	507
----<<NPd1 	-0.0897865	3.18056	-0.000812598	0.0285081	477
Cocj<<---- 	0.0480286	2.51744	-0.0912048	-0.0946683	462
----<<Cocj 	0.0209621	2.42667	-0.00902934	0.120184	410
Subj<<Subj 	-0.0157446	8.25246	-0.146746	-0.0174237	402
Socj<<---- 	-0.0397429	1.49569	-0.0617374	-0.0703627	317
NoReferral 	-0.00861148	2.42629	-0.0204369	-0.0101367	308
preV1sub00 	-0.0503585	3.15289	-0.0978537	-0.0132441	299
NPd1<<NPd1 	-0.0809594	6.62555	-0.0118997	-0.035703	293
NPd1<<---- 	-0.0229056	4.01277	-0.0291266	0.0200898	288
Subj<<---- 	-0.0487009	2.7814	-0.0909469	0.00998152	278
3rdP<<1/2P 	-0.0402439	2.90058	-0.00244549	-0.0639803	235
Cocj<<Cocj 	0.0693585	2.09945	0.124908	-0.0794254	229
perV<<perV 	-0.0537443	3.34286	0.055249	-0.0119351	219
preV2par00 	-0.0448108	1.91026	-0.113611	0.0469215	210
----<<NPd2 	-0.0410373	4.70482	-0.0391937	-0.047754	206
Rela<<Main 	0.0305192	1.06207	-0.0250329	-0.0693667	196
NPd2<<---- 	-0.00347858	6.05036	0.0704993	-0.0333724	189
1/2P<<3rdP 	-0.0495659	3.78846	-0.00920153	0.181682	188
ParalLex01 	0.0626607	10.1092	0.0410266	-0.0521216	175
----<<Socj 	0.23108	2.125	0.00859443	-0.00365479	167
----<<Quot 	-0.0509929	4.25882	0.000150923	0.230651	144
Sfx << Sfx 	0.175569	3.9009	0.0277138	-0.049815	120
Asyn<<QtVb 	0.125421	3.97015	-0.0196048	0.541841	107
Sfx <<pngV 	0.0240718	4.15789	0.0491708	0.021851	104
Quot<<---- 	0.022079	4.05405	-0.067522	0.0754226	99
numV<<numV 	-0.0260221	4.84615	0.0468312	0.0999914	99
pngV<< Sfx 	0.0149007	3.54321	-0.0269139	0.00573841	97
Adju<<Main 	0.0684625	1.07018	-0.0845642	-0.181372	94
MacroSign? 	0.0258908	3.71429	-0.00517949	0.103473	72
VblC//VblC 	0.0431601	3.68519	0.224598	-0.134382	68
Elliptical 	-0.0674318	8.01724	0.0572092	0.0854275	66
VLex==VLex 	0.186575	11.2653	0.115993	-0.0296847	66
Socj<<Socj 	0.0639308	1.94915	0.0313759	-0.10571	62
NPd2<<NPd2 	-0.00613452	4.06977	-0.0187499	-0.00861032	59
NmCl<<NmCl 	0.171628	3.21429	-0.638301	-0.687889	57
Ptcp<<XQtl 	0.0262014	5.77273	-0.845335	-0.918151	57
L...//...L 	0.0270899	2.92	0.0179327	-0.0523353	56
B...//...B 	-0.00639873	15.6939	-0.0683042	-0.147799	54
Coor<<Main 	0.477158	1.21429	0.0976772	-0.00464775	44
ParalPre00 	0.155877	4	0.0179392	0.126673	44
preV1par01 	0.413585	1.82353	-0.142381	0.164995	36
Ptcp<<NmCl 	0.257202	2.15385	-0.828611	-0.975632	32
NmCl<<Ptcp 	0.0238319	1.58333	-0.829037	-0.627018	30
xQt0<<NmCl 	0.300967	1.88235	-0.771203	-1.05879	30
ParalPre01 	0.423917	10.6296	0.210075	0.039272	28
preV2sub01 	0.0675859	8.92	-0.119233	-0.0622332	28
Defc<<Ptcp 	-0.00901801	2.875	-0.837267	-0.644891	26
preV2par01 	0.0305663	1.15789	-0.044684	0.187165	26
----<<Ques 	0.276988	1.71429	-0.0710559	-0.0315386	22
Main<<CPen 	-0.0247972	2.41176	-0.00913622	-0.139668	22
NmCl<<CPen 	0.152589	3.27273	-0.899541	-1.00996	22
Objc<<Main 	0.707395	1.25	0.014994	-0.152881	22
Ptcp<<xQt0 	0.0372522	1.23077	-0.846945	-0.935231	22
NmCl<<Ellp 	0.28072	2.25	-0.830728	-0.901423	20
xYq0<<NmCl 	0.18519	1.35714	-0.770935	-1.06657	19
ParalLex02 	0.116235	10.6111	0.0318822	-0.0835325	18
InfC<<Ptcp 	0.0305747	1	-0.797747	-1.00343	17
Ques<<---- 	-0.0141244	1.6875	-0.0587932	0.655055	16
Voct<<Ptcp 	0.0766834	1	-0.846321	-0.464346	16
InfC<<WQt0 	-0.0260144	1	-0.795758	-1.15858	15
Main<<Voct 	0.191584	1.42857	0.111564	0.775034	15
Ptcp<<Ellp 	0.355699	2.18182	-0.786461	-0.927939	15
MN..//..MN 	0.0861896	4.07143	-0.14212	0.00624722	14
Voct<<NmCl 	0.484799	1	-0.792034	-1.09466	14
xYq0<<Defc 	0.57325	1.38462	-0.829203	-0.984263	14
NmCl<<XQtl 	0.0256754	1	-0.726888	-0.983741	13
PreC<<Main 	1.11572	1	-0.0757952	0.0846165	13
InfC<<WXQt 	-0.0101739	1	-0.744697	-0.940812	12
NmCl<<xQtX 	0.0235178	1	-0.755125	-0.951419	12
XQtl<<NmCl 	0.203076	3.66667	-0.747639	-0.998411	12
preV1sub01 	0.00578891	1	-0.0896404	0.0852974	12
xQt0<<CPen 	0.220651	2.25	-0.818554	-1.10398	12
xYq0<<Ellp 	0.489724	1.58333	-0.749328	-1.02646	12
InfC<<XQtl 	-0.0102329	1	-0.745665	-1.148	11
NmCl<<WQt0 	0.116013	1.3	-0.877181	-0.578694	11
Ptcp<<Defc 	0.320062	2	-0.838774	-0.993182	11
ZYq0<<Defc 	1.20602	2.36364	-0.778843	-1.0933	11
xQt0<<Defc 	0.52763	2	-0.810172	-1.0682	11
CPen<<xQt0 	0.147356	6.33333	-0.786363	-0.93542	10
InfC<<WxQ0 	0.590548	1	-0.813817	-1.18342	10
InfC<<xQt0 	0.0558835	1	-0.79859	-0.843621	10
NmCl<<Defc 	0.224629	2.55556	-0.820157	-1.02574	10
Subj<<Main 	0.184492	1	-0.031842	0.0339401	10
xQtX<<Ptcp 	0.0776563	4.28571	-0.831016	-0.918726	10
<L..//..<L 	-0.121684	2.44444	-0.0543683	-0.0213773	9
AjCl<<NmCl 	0.169729	1.2	-0.851561	-0.976662	9
Ellp<<XQtl 	0.121075	37.5714	-0.849074	-0.728311	9
InfC<<xYq0 	0.411319	1	-0.83891	-0.877379	9
NmCl<<WXQt 	0.169844	2.28571	-0.791902	-1.0109	9
Ptcp<<WayX 	-0.16201	9	-0.986858	-1.82518	9
ZQt0<<Defc 	0.997148	2	-0.878871	-1.12608	9
ZQt0<<NmCl 	0.42751	3.6	-0.744994	-1.09981	9
xQt0<<Ptcp 	-0.0114888	1.85714	-0.917404	-0.797977	9
Ptcp<<Ptcp 	0.0845727	1.14286	-0.837549	-0.989009	8
xYq0<<WQt0 	0.194785	1	-0.904961	-1.02525	8
Defc<<Defc 	0.0960562	2.2	-0.428033	-0.821631	7
Defc<<NmCl 	0.216227	6.42857	-1.03121	-1.00234	7
NmCl<<xQt0 	0.00138737	1	-0.851767	-0.471778	7
NmCl<<xYq0 	0.136625	1.16667	-0.788948	-1.07107	7
WQt0<<NmCl 	0.0677132	2	-0.689934	-0.863601	7
ZIm0<<Ptcp 	0.140387	1	-0.891832	-0.0745108	7
ZYq0<<Ellp 	0.679627	2.83333	-0.741943	-1.0252	7
xQtX<<InfC 	0.182176	1	-0.779171	-0.883801	7
CPen<<Ptcp 	-0.0180167	67.5	-0.820363	-1.03907	6
Defc<<ZQt0 	-0.0324327	1	-0.908795	-0.905332	6
NmCl<<AjCl 	0.258983	4.5	-0.809427	-0.91768	6
NmCl<<WxQ0 	0.0791445	1	-0.918821	-0.941928	6
NmCl<<WxQX 	-0.0505868	4	-0.742019	-0.965341	6
Pron<<Pron 	0.253575	13.2	0.178851	-0.151345	6
Ptcp<<ZQt0 	-0.0749838	1.33333	-0.95212	-0.962114	6
Ptcp<<xQtX 	-0.0127619	4	-0.76863	-0.903804	6
WxQ0<<Ptcp 	-0.0083204	3.25	-1.06984	-0.905656	6
<<<<//<<<< 	0.494067	1.4	-0.205688	0.0475982	5
AjCl<<AjCl 	0.92818	1	-0.850777	-0.767809	5
DJ..//..DJ 	0.10889	1	-0.338868	-0.0626106	5
Defc<<AjCl 	0.834972	1	-0.733688	-0.898832	5
Defc<<WQt0 	-0.0948089	2	-0.875752	-1.15546	5
Downward=Y 	-0.119542	1	-0.983371	-0.978938	5
Ellp<<Ptcp 	0.112444	3.4	-0.91627	-0.874655	5
Ellp<<WQt0 	0.763665	1	-0.988156	-1.00391	5
Ellp<<WxQX 	0.179216	16.5	-0.853005	-1.05184	5
InfC<<ZQt0 	0.00793442	1	-0.790875	-1.21981	5
K...//...K 	0.129257	1	-0.211315	-0.00974623	5
MSyn<<NmCl 	0.293078	1.66667	-0.905543	-0.921245	5
MSyn<<XQtl 	0.145702	23	-0.741906	-1.0108	5
NmCl<<XYqt 	0.0871041	2	-0.78198	-0.98298	5
Ptcp<<WQt0 	-0.0910153	1.8	-0.934721	-0.992685	5
WXQt<<NmCl 	0.0929977	3.5	-0.626444	-0.777732	5
WXYq<<Ellp 	0.327191	2.66667	-0.750395	-0.913204	5
XQtl<<CPen 	0.2486	1.75	-0.776344	-0.908818	5
XQtl<<Defc 	0.219535	4	-0.813984	-1.05384	5
XQtl<<Ptcp 	-0.0425792	38.5	-0.82824	-0.874564	5
XYqt<<CPen 	0.488705	1.25	-0.851997	-1.02996	5
xIm0<<Voct 	0.754901	1	-0.986331	-2.0205	5
xYq0<<CPen 	0.234274	1.4	-0.803633	-1.00334	5
xYq0<<Ptcp 	-0.0525792	3.33333	-0.872376	-0.35421	5
AjCl<<Ptcp 	-0.0200462	1	-1.05012	0.0973703	4
CPen<<Defc 	0.238431	4.66667	-0.902908	-1.0347	4
Defc<<xQtX 	0.187195	9.25	-0.759138	-0.479919	4
NmCl<<InfC 	0.121673	1	-0.838423	-0.562139	4
NmCl<<Voct 	0.182773	2	-0.88618	-1.66246	4
NmCl<<WYq0 	1.17873	1.25	-0.874833	-1.05576	4
Ptcp<<AjCl 	0.577996	2.5	-0.971421	-1.02654	4
Ptcp<<CPen 	0.108122	4	-0.852299	-0.772028	4
Ptcp<<WXQt 	-0.0159013	1.33333	-0.952137	-1.07322	4
Ptcp<<XYqt 	0.332314	3.25	-0.824181	-0.911024	4
Ptcp<<xYq0 	0.0796004	7.75	-0.916037	-0.899989	4
Rec << Reg 	1.31658	1	-0.038518	-0.0207203	4
Voct<<CPen 	0.135979	1	-0.865256	-1.03907	4
WQt0<<Ptcp 	-0.107883	1	-1.15129	-0.928118	4
XQtl<<Voct 	0.33775	1.33333	-0.837623	-0.729822	4
XYqt<<Defc 	0.61201	1.33333	-0.726828	-1.07673	4
XYqt<<Ptcp 	0.0113745	1	-0.812489	0.468343	4
xQt0<<Ellp 	0.302471	1.5	-0.817981	-1.05265	4
xQtX<<Defc 	0.56404	2.5	-0.831559	-1.0902	4
xYq0<<InfC 	0.27703	1	-0.984201	-0.958245	4
xYq0<<WxQ0 	0.174276	1.66667	-0.906992	-0.740104	4
AjCl<<CPen 	0.429111	2.33333	-0.982715	-0.908741	3
AjCl<<xYq0 	0.43425	1	-0.913432	-0.793362	3
CPen<<CPen 	0.305774	5.5	-0.827279	-0.952242	3
CPen<<NmCl 	0.0655871	1.5	-0.96053	-0.779539	3
CPen<<XQtl 	0.111911	1.5	-0.756773	0.0362197	3
CPen<<XYqt 	1.10658	4.33333	-0.720148	-0.981219	3
DJ  <<  HN 	-0.0758591	1	-0.16429	0.129427	3
DJ  <<LHN= 	-0.232405	1	-0.0341454	0.152431	3
Defc<<Ellp 	0.177275	2.33333	-0.833511	-1.09868	3
Ellp<<InfC 	0.664353	4.33333	-0.902292	-0.913699	3
Ellp<<NmCl 	0.193608	3.33333	-0.758683	-0.911154	3
Ellp<<WXYq 	0.648485	1	-0.959864	-0.905291	3
Ellp<<WxY0 	0.644039	1	-1.02511	-0.19935	3
Ellp<<XYqt 	0.480825	9.66667	-0.767273	-1.09914	3
Ellp<<xQt0 	0.162636	2	-0.825786	-1.05927	3
Ellp<<xQtX 	-0.00423386	1	-0.848726	-0.997641	3
InfC<<Defc 	-0.0947733	1	-0.801824	-0.86555	3
LHN=<<  DJ 	0.316803	1	-0.28888	0.229038	3
MSyn<<CPen 	0.179573	20	-1.1369	-0.935291	3
NmCl<<WxY0 	0.259645	1	-0.818286	-0.989741	3
NmCl<<ZIm0 	0.446839	7	-0.763177	-0.777177	3
Ptcp<<InfC 	0.0305593	1.66667	-0.834508	-0.984265	3
Ptcp<<WxQX 	-0.101764	2.33333	-0.894307	-0.997225	3
Voct<<XQtl 	0.0168532	1	-0.815442	-0.418521	3
WXYq<<Ptcp 	-0.0753222	1	-1.08627	-0.926679	3
WXYq<<WQt0 	0.0382906	1	-1.00899	-0.986447	3
WXYq<<ZQtX 	0.374342	1.5	-0.679678	-0.864909	3
WxQ0<<Ellp 	0.336651	4	-0.73094	-0.956396	3
WxQX<<MSyn 	0.243589	3	-0.616379	-1.12324	3
WxQX<<NmCl 	0.239357	6.5	-0.707718	-0.748495	3
WxY0<<Defc 	0.128524	4	-0.835417	-1.03079	3
XQtl<<Ellp 	0.271121	34	-0.772427	-0.944181	3
XQtl<<WayX 	-0.118051	50	-0.822068	-1.8414	3
XYqt<<NmCl 	0.0875013	2.66667	-0.753092	-1.02172	3
XYqt<<WxQ0 	0.454867	2.5	-0.812558	-1.09071	3
ZQtX<<NmCl 	0.266332	2	-0.736282	-1.03197	3
xQt0<<MSyn 	0.20083	2.33333	-0.827542	-1.12859	3
xQt0<<xYq0 	0.121508	2.66667	-0.864251	-1.14109	3
xQtX<<Ellp 	0.117069	1	-0.767543	-0.875149	3
1/2P<<2/1P 	1.43384	1	-0.0234675	-0.165024	2
AjCl<<Ellp 	0.127488	1	-1.03937	-0.644362	2
AjCl<<xQt0 	0.00827744	1	-0.958847	-0.861444	2
CPen<<Ellp 	0.137156	2.5	-0.844974	-1.25178	2
CPen<<WxQX 	0.22466	13.5	-0.965549	-1.03402	2
Defc<<WXQt 	0.120791	3	-0.794986	-1.09249	2
Defc<<XQtl 	0.0419898	2.5	-0.72456	-0.932857	2
Defc<<ZIm0 	0.0562754	2	-0.859864	-0.722757	2
Defc<<xYq0 	-0.00289301	3.5	-0.915474	-1.09493	2
Ellp<<xIm0 	1.98416	1	-0.796588	-0.794244	2
Ellp<<xYq0 	0.145009	1	-0.627947	-1.38655	2
HN  <<  DJ 	-0.0382209	1	-0.171342	0.124861	2
InfC<<AjCl 	0.703885	1	-0.790383	-0.828491	2
InfC<<Ellp 	0.14195	1	-0.791064	-0.782758	2
InfC<<xQtX 	-0.0298396	1	-0.762834	-0.802517	2
MSyn<<Ellp 	0.635075	4	-0.966504	-0.876423	2
MSyn<<xQtX 	0.346069	12	1.26791	-1.14689	2
NmCl<<WXYq 	0.134388	2	-0.84304	-1.31927	2
ParalLex03 	0.0535674	1	-0.232829	0.023578	2
Ptcp<<WXYq 	0.246441	1	-0.929893	-0.981964	2
Ptcp<<WxQ0 	-0.0419758	1	-0.9988	-1.04924	2
Ptcp<<ZQtX 	0.0472214	1	-0.862701	-0.979459	2
Ptcp<<ZYqX 	0.231722	2	-0.85409	-0.948558	2
Voct<<Defc 	0.28413	1	-0.848939	-1.12951	2
Voct<<Ellp 	0.1859	1	-0.873989	-1.04268	2
Voct<<MSyn 	0.759716	1	-0.87043	-1.05858	2
Voct<<WxQ0 	0.416094	1	-0.841952	0.171729	2
WXQt<<Ptcp 	-0.102149	1.5	-0.829909	-0.951806	2
WXYq<<WxQX 	-0.0490989	2	-1.00066	0.130292	2
WXYq<<XQtl 	-0.0217503	2.5	-0.928364	-0.871133	2
WXYq<<xIm0 	1.77098	3	-0.760251	-0.975251	2
WxQ0<<Defc 	0.144548	4	-0.943753	-0.851724	2
WxQ0<<XYqt 	0.206035	1.5	-0.752867	-0.857943	2
WxY0<<NmCl 	0.0941294	1	-0.68889	-1.04357	2
WxY0<<ZIm0 	0.500038	1	-0.7754	-1.07895	2
WxY0<<xIm0 	1.92909	2	-0.712465	-0.714555	2
WxYX<<NmCl 	0.156113	9	-0.62558	-0.941558	2
XQtl<<MSyn 	0.308371	1	-0.765956	-1.02881	2
XQtl<<XYqt 	0.265692	17	-0.919247	-0.849031	2
XYqt<<WXQt 	0.46145	10	-0.877581	-1.1666	2
ZIm0<<Defc 	0.501721	2	-0.755449	-1.0278	2
ZIm0<<Voct 	0.412602	1.5	-0.895893	-1.97415	2
ZQt0<<CPen 	0.250367	1	-0.798908	-0.955171	2
ZQt0<<Ellp 	1.00141	2	-0.756529	-1.08089	2
ZQtX<<CPen 	0.683633	4	-0.768162	-0.898511	2
ZQtX<<Ptcp 	0.0462273	16.5	-0.97101	-0.918221	2
ZQtX<<Voct 	0.946655	2	-0.781813	-0.978088	2
xIm0<<MSyn 	0.684466	7.5	-0.823746	-1.28207	2
xIm0<<xYq0 	0.449719	5	-1.1387	-0.89539	2
xQt0<<InfC 	0.232513	1	-0.756346	-0.881116	2
xQt0<<WYq0 	1.12334	1	-0.813665	-0.951851	2
xQtX<<MSyn 	0.450426	1	-0.791397	-1.04577	2
xQtX<<NmCl 	0.0912794	1	-0.698472	-0.967942	2
xYq0<<AjCl 	0.108697	1	-0.757668	-1.10714	2
xYq0<<WXQt 	0.0311984	1	-0.802435	-1.00467	2
xYq0<<WxQX 	-0.0197703	1	-0.831196	-0.979291	2
xYq0<<XQtl 	0.0676854	1	-0.88741	-0.941216	2
xYq0<<ZIm0 	1.24211	5.5	-0.818791	-0.93835	2
xYq0<<xQt0 	-0.0364042	6	-0.897087	-1.13584	2
xYqX<<Ellp 	0.459307	2	-0.723724	-0.975218	2
xYqX<<NmCl 	0.135192	2	-0.793068	-0.899513	2
<M..//..<M 	0.319087	1	-0.0157348	0.0616107	1
AjCl<<Defc 	0.156269	1	-0.934747	-1.10934	1
AjCl<<MSyn 	0.301514	1	-0.984482	-1.03789	1
AjCl<<WXQt 	0.182924	1	-0.988602	-0.940004	1
AjCl<<WxQ0 	0.0836631	2	-0.732546	-2.07739	1
AjCl<<XQtl 	0.0330979	2	-0.775432	-0.838165	1
AjCl<<XYqt 	0.382512	5	-0.745946	-0.945761	1
AjCl<<ZQtX 	0.364528	4	-0.789088	-0.990713	1
AjCl<<xYqX 	1.05557	1	-0.677622	-0.847593	1
B>TR//B>TR 	1.09243	5	1.53522	-0.107771	1
CPen<<AjCl 	0.787641	4	-1.1873	-1.04374	1
CPen<<Voct 	0.479018	1	-1.01109	-2.00764	1
CPen<<ZYq0 	0.467793	3	-0.733945	-1.54333	1
CPen<<ZYqX 	1.93534	1	-0.847963	-1.0232	1
CPen<<xQtX 	0.0415859	4	-0.891684	-1.05589	1
Defc<<CPen 	0.0620269	1	-0.909928	-1.01161	1
Defc<<InfC 	0.0594683	2	-0.808122	-0.891865	1
Defc<<Voct 	0.0592417	4	-0.838063	-1.27459	1
Defc<<WYq0 	0.46174	2	-0.990971	-1.12018	1
Defc<<WxQX 	-0.017618	7	-0.831371	1.10546	1
Defc<<WxY0 	0.617249	2	-0.87218	-1.27058	1
Defc<<ZYq0 	0.414023	2	-0.938263	-0.929637	1
Defc<<ZYqX 	0.949066	11	-0.73676	-1.19487	1
Defc<<xQt0 	-0.0666585	2	-0.882335	-0.971299	1
Ellp<<Ellp 	1.7305	2	-0.838884	-1.14633	1
Ellp<<WQtX 	0.236969	2	-0.739773	-1.19742	1
Ellp<<WXQt 	0.110621	1	-0.753878	-1.17763	1
Ellp<<WxI0 	1.64756	1	-1.01265	-0.915381	1
Ellp<<WxYX 	1.76386	1	-0.917706	-0.959877	1
Ellp<<ZQt0 	0.644618	1	-0.902079	-0.961066	1
Ellp<<ZYq0 	1.7364	1	-0.995472	-1.01506	1
Ellp<<ZYqX 	0.843237	1	-0.521313	-0.937382	1
InfC<<NmCl 	-0.0799968	1	-0.810419	-0.861895	1
InfC<<WYq0 	0.391459	1	-0.792795	-0.985734	1
InfC<<WxI0 	0.764317	1	-0.873306	-1.09148	1
InfC<<WxQX 	-0.128515	1	-0.773223	-0.862489	1
InfC<<WxY0 	0.129495	1	-0.823886	-0.905012	1
InfC<<XYqt 	0.123256	1	-0.762321	-0.816973	1
InfC<<ZQtX 	0.0981171	1	-0.703886	-0.892739	1
InfC<<ZYq0 	0.337003	2	-0.757979	-0.795458	1
InfC<<xIm0 	0.393204	1	-0.869878	-0.768197	1
InfC<<xYqX 	1.53488	1	-0.715345	-0.744366	1
MSyn<<Defc 	0.201324	4	-1.04651	-0.812114	1
MSyn<<MSyn 	0.182767	1	-0.767864	-1.24048	1
MSyn<<Ptcp 	0.0266263	1	-0.767864	0.759516	1
MSyn<<Voct 	0.892387	10	-1.1369	-0.935291	1
NmCl<<MSyn 	-0.0569009	1	-0.773043	-1.13701	1
NmCl<<ZQt0 	0.0292968	1	-0.874036	-0.812517	1
NmCl<<ZQtX 	0.0624414	1	-0.76572	-0.868406	1
NmCl<<ZYq0 	0.570935	1	-0.844925	-0.712471	1
ParalLex05 	1.17926	3	-0.236366	0.114855	1
Ptcp<<WxY0 	0.080313	1	-1.19433	-0.89287	1
QDM///QDM/ 	-0.11861	3	-0.0547809	-0.167116	1
Quot<<Quot 	-0.317685	1	-0.0191405	-0.155897	1
Voct<<AjCl 	1.57758	1	-0.850475	-1.15884	1
Voct<<WQt0 	0.00792633	1	-0.821992	-0.0515178	1
Voct<<WayX 	-0.0178579	1	-0.744636	0.0125577	1
Voct<<ZIm0 	1.7083	1	-0.848029	-1.09486	1
Voct<<xQt0 	0.15328	1	-0.848029	-1.09486	1
Voct<<xYq0 	0.367295	1	-0.848029	-1.09486	1
WQt0<<Defc 	-0.0075094	3	-0.767829	-0.905637	1
WQt0<<WxY0 	1.51469	1	-0.955648	-1.11932	1
WXQt<<CPen 	0.0940961	33	-0.774303	-0.773793	1
WXQt<<Defc 	0.319747	6	-0.653066	-0.960545	1
WXQt<<WXYq 	0.356855	4	-1.08628	-1.08218	1
WXYq<<CPen 	0.0477557	2	-0.897492	-0.984206	1
WXYq<<NmCl 	0.00811444	1	-0.662644	-0.837669	1
WXYq<<WXQt 	-0.0281368	1	-0.992124	-0.926231	1
WXYq<<xQt0 	-0.0256452	2	-0.884958	-1.06384	1
WYq0<<Defc 	0.0929205	3	-0.728626	-1.00781	1
WYq0<<Ellp 	0.150901	5	-0.944534	-0.87353	1
WYq0<<xIm0 	1.6622	1	-0.701658	-1.09468	1
WYq0<<xQt0 	-0.0239233	1	-0.80787	-1.00014	1
WYqX<<Ellp 	1.781	4	-0.634809	-0.856014	1
WYqX<<InfC 	1.37514	3	-0.656446	-0.905482	1
WxI0<<Defc 	0.899356	3	-0.752177	-1.08372	1
WxI0<<XYqt 	0.316828	1	-0.601987	-0.782062	1
WxQ0<<CPen 	0.0752495	2	-1.13095	-1.01154	1
WxQ0<<NmCl 	-0.0243825	1	-0.701581	-0.898154	1
WxQ0<<WXYq 	0.224352	1	-1.01265	-0.958411	1
WxQ0<<WxYX 	0.926714	10	-0.99269	-0.896061	1
WxQX<<AjCl 	1.81028	9	-0.787416	-1.08963	1
WxQX<<Ptcp 	-0.0743582	3	-0.714435	-1.05644	1
WxY0<<AjCl 	0.143995	6	-0.828166	-0.947213	1
WxY0<<WQt0 	0.203547	1	-1.14824	-1.16744	1
WxY0<<WxQ0 	0.0530931	1	-1.12037	-0.986602	1
WxY0<<ZQt0 	0.103641	1	-0.829455	-0.939845	1
WxYX<<Ptcp 	-0.0137384	1	-1.01696	-0.882648	1
WxYX<<WxQ0 	0.255407	19	-0.949901	-0.930921	1
XQtl<<InfC 	-0.00532344	1	-0.76369	-1.00039	1
XQtl<<WXYq 	0.19585	1	-0.938112	-0.957538	1
XYqt<<Voct 	0.207388	1	-0.979079	-1.92086	1
XYqt<<WxQX 	-0.0980539	1	-0.769416	-0.992798	1
XYqt<<XQtl 	0.0264969	16	-0.819214	-1.56538	1
XYqt<<ZIm0 	0.584952	1	-0.840975	-1.01783	1
XYqt<<xIm0 	0.806445	4	-0.918603	-0.954323	1
XYqt<<xQt0 	0.113138	1	-0.864699	0.122625	1
ZIm0<<MSyn 	0.331061	4	-0.779333	-1.21536	1
ZIm0<<NmCl 	0.160477	2	-0.784029	-1.30334	1
ZIm0<<xYq0 	0.469942	1	-0.804915	-1.33372	1
ZQt0<<Ptcp 	-0.0788897	9	-0.99761	-0.958361	1
ZYq0<<AjCl 	0.0672354	1	-1.00987	-0.87933	1
ZYq0<<CPen 	0.226537	3	-0.699313	-0.982654	1
ZYq0<<MSyn 	0.182661	2	-0.849833	-1.18199	1
ZYq0<<NmCl 	0.0636967	2	-0.791598	-1.02917	1
ZYqX<<CPen 	1.48912	2	-0.708513	-0.780969	1
ZYqX<<Ptcp 	0.120975	1	-1.09088	0.120056	1
ZYqX<<ZIm0 	0.92037	2	-0.840507	-0.932993	1
xIm0<<NmCl 	0.155957	2	-0.696704	-1.22085	1
xIm0<<WQt0 	0.16416	1	-0.864801	-0.229718	1
xQt0<<AjCl 	0.183405	1	-0.821053	-0.934904	1
xQt0<<WXYq 	0.703546	1	-0.805966	-1.30499	1
xQt0<<WxY0 	0.264021	9	-1.04826	-1.09704	1
xQtX<<WYq0 	1.66425	1	-0.767696	-0.940005	1
xQtX<<XYqt 	0.426316	1	-0.856596	-1.04689	1
xYq0<<MSyn 	0.0215519	1	-0.779506	-1.15386	1
xYq0<<ZQt0 	0.042752	1	-0.962016	-0.923237	1
xYq0<<xQtX 	0.0166212	1	-0.942037	-0.903687	1
xYqX<<Defc 	0.553434	6	-0.704066	-1.15809	1
xYqX<<Voct 	0.386407	2	-0.863738	-1.92467	1
xYqX<<WQtX 	0.866925	1	-0.704848	-1.12536	1
xYqX<<ZQtX 	0.942272	7	-0.870536	-1.11915	1
xYqX<<xIm0 	0.820896	6	-0.879253	-0.899385	1
xYqX<<xQt0 	0.558248	7	-1.04154	-1.06962	1
AjCl<<InfC 	0.0620774	0	0	0	0
AjCl<<Voct 	0.0894511	0	0	0	0
AjCl<<WQt0 	-0.174209	0	0	0	0
AjCl<<WQtX 	0.0430293	0	0	0	0
AjCl<<WXYq 	-0.55269	0	0	0	0
AjCl<<WayX 	-0.135448	0	0	0	0
AjCl<<WxQX 	-0.151275	0	0	0	0
AjCl<<WxY0 	-0.318119	0	0	0	0
AjCl<<WxYX 	-0.0200984	0	0	0	0
AjCl<<ZIm0 	0.0619004	0	0	0	0
AjCl<<ZQt0 	-0.109712	0	0	0	0
AjCl<<xQtX 	-0.0500729	0	0	0	0
CPen<<InfC 	-0.119865	0	0	0	0
CPen<<MSyn 	-0.196837	0	0	0	0
CPen<<WQt0 	-0.132259	0	0	0	0
CPen<<WQtX 	-0.0657164	0	0	0	0
CPen<<WXQt 	-0.0166867	0	0	0	0
CPen<<WXYq 	-0.0833982	0	0	0	0
CPen<<WYq0 	-0.112273	0	0	0	0
CPen<<WayX 	0.00302476	0	0	0	0
CPen<<WxQ0 	-0.0730448	0	0	0	0
CPen<<WxY0 	-0.108959	0	0	0	0
CPen<<WxYX 	-0.0431542	0	0	0	0
CPen<<ZQt0 	-0.0785325	0	0	0	0
CPen<<ZQtX 	0.0192971	0	0	0	0
CPen<<xYq0 	-0.161616	0	0	0	0
Defc<<MSyn 	-0.0747238	0	0	0	0
Defc<<WQtX 	-0.0539369	0	0	0	0
Defc<<WXYq 	-0.0560279	0	0	0	0
Defc<<WayX 	-0.0731542	0	0	0	0
Defc<<WxQ0 	-0.14406	0	0	0	0
Defc<<WxYX 	-0.0537509	0	0	0	0
Defc<<XYqt 	0.0444246	0	0	0	0
Defc<<ZQtX 	-0.043505	0	0	0	0
Defc<<xIm0 	-0.111809	0	0	0	0
Defc<<xYqX 	-0.175033	0	0	0	0
Downward=N 	-0.168627	1	-1	-1	0
Ellp<<AjCl 	-0.116784	0	0	0	0
Ellp<<WYq0 	-0.184592	0	0	0	0
Ellp<<WayX 	-0.0186436	0	0	0	0
Ellp<<WxQ0 	-0.00516276	0	0	0	0
Ellp<<ZIm0 	0.0197446	0	0	0	0
Ellp<<ZQtX 	0.0262653	0	0	0	0
HN  <<LHN= 	-0.263981	0	0	0	0
InfC<<CPen 	-0.0644069	0	0	0	0
InfC<<MSyn 	-0.1511	0	0	0	0
InfC<<Voct 	-0.040201	0	0	0	0
InfC<<WQtX 	-0.125274	0	0	0	0
InfC<<WXYq 	-0.088312	0	0	0	0
InfC<<WayX 	-0.204288	0	0	0	0
InfC<<ZIm0 	-0.107402	0	0	0	0
MSyn<<AjCl 	-0.36301	0	0	0	0
MSyn<<WQt0 	-0.13512	0	0	0	0
MSyn<<WQtX 	-0.0820993	0	0	0	0
MSyn<<WXQt 	-0.102642	0	0	0	0
MSyn<<WYq0 	-0.100797	0	0	0	0
MSyn<<WayX 	-0.22572	0	0	0	0
MSyn<<WxQ0 	-0.159655	0	0	0	0
MSyn<<WxQX 	-0.0796638	0	0	0	0
MSyn<<WxY0 	-0.118178	0	0	0	0
MSyn<<XYqt 	-0.35056	0	0	0	0
MSyn<<ZQt0 	-0.0727529	0	0	0	0
MSyn<<ZYq0 	-0.112109	0	0	0	0
MSyn<<xQt0 	-0.088605	0	0	0	0
MSyn<<xYq0 	-0.11379	0	0	0	0
NmCl<<WQtX 	-0.0565904	1	-0.785818	-0.968501	0
NmCl<<WayX 	-0.0884925	0	0	0	0
NmCl<<WxYX 	-0.0390283	0	0	0	0
NmCl<<ZYqX 	0.0103091	0	0	0	0
NmCl<<xIm0 	0.0437867	0	0	0	0
NmCl<<xYqX 	-0.085879	0	0	0	0
Ptcp<<MSyn 	-0.00849297	0	0	0	0
Ptcp<<Voct 	-0.00613313	0	0	0	0
Ptcp<<WIm0 	-0.0945578	0	0	0	0
Ptcp<<WQtX 	-0.197997	0	0	0	0
Ptcp<<WYq0 	-0.180361	0	0	0	0
Ptcp<<WxYX 	-0.0335936	0	0	0	0
Ptcp<<ZIm0 	-0.258754	0	0	0	0
Ptcp<<ZYq0 	-0.138567	0	0	0	0
Ptcp<<xIm0 	0.0900084	0	0	0	0
Ptcp<<xYqX 	-0.354984	0	0	0	0
Ques<<Ques 	-0.306694	0	0	0	0
Voct<<InfC 	-0.0919368	0	0	0	0
Voct<<Voct 	-0.203676	0	0	0	0
Voct<<WXQt 	-0.0461535	0	0	0	0
Voct<<WxQX 	-0.0699349	0	0	0	0
Voct<<XYqt 	0.0088663	0	0	0	0
Voct<<ZQt0 	-0.104861	0	0	0	0
Voct<<ZQtX 	-0.0179258	0	0	0	0
Voct<<ZYqX 	0.116044	0	0	0	0
Voct<<xQtX 	-0.0585844	0	0	0	0
W-HNH+Verb 	-0.182882	0	0	0	0
WIm0<<CPen 	0.103404	0	0	0	0
WIm0<<Defc 	0.0171293	0	0	0	0
WIm0<<Ellp 	0.115461	0	0	0	0
WIm0<<NmCl 	0.0573464	0	0	0	0
WIm0<<Ptcp 	-0.0665641	0	0	0	0
WIm0<<Voct 	-0.145108	0	0	0	0
WIm0<<WXQt 	0.0304487	0	0	0	0
WIm0<<WxQ0 	-0.0247491	0	0	0	0
WIm0<<WxQX 	-0.0967434	0	0	0	0
WIm0<<XQtl 	0.0592673	0	0	0	0
WIm0<<xQt0 	-0.16345	0	0	0	0
WIm0<<xQtX 	0.00302927	0	0	0	0
WQt0<<AjCl 	-0.278103	0	0	0	0
WQt0<<CPen 	0.053547	0	0	0	0
WQt0<<Ellp 	-0.00997359	0	0	0	0
WQt0<<InfC 	0.0195809	0	0	0	0
WQt0<<MSyn 	-0.0194983	0	0	0	0
WQt0<<Voct 	-0.0227108	0	0	0	0
WQt0<<WXYq 	0.0802937	0	0	0	0
WQt0<<WayX 	-0.142426	0	0	0	0
WQt0<<WxYX 	-0.0783764	0	0	0	0
WQt0<<XYqt 	0.065649	0	0	0	0
WQt0<<xYq0 	-0.20229	0	0	0	0
WQtX<<CPen 	0.132039	0	0	0	0
WQtX<<Defc 	-0.0313589	0	0	0	0
WQtX<<Ellp 	-0.0129186	0	0	0	0
WQtX<<InfC 	-0.180052	0	0	0	0
WQtX<<NmCl 	-0.10761	0	0	0	0
WQtX<<Ptcp 	-0.181036	0	0	0	0
WQtX<<WayX 	-0.173937	0	0	0	0
WQtX<<WxY0 	-0.200592	0	0	0	0
WQtX<<XYqt 	-0.0683709	0	0	0	0
WQtX<<xYq0 	0.177268	0	0	0	0
WXQt<<AjCl 	-0.330797	0	0	0	0
WXQt<<Ellp 	-0.0213064	0	0	0	0
WXQt<<InfC 	-0.0439731	0	0	0	0
WXQt<<MSyn 	-0.0501078	0	0	0	0
WXQt<<Voct 	-0.16058	0	0	0	0
WXQt<<WayX 	-0.117973	0	0	0	0
WXQt<<WxY0 	-0.111924	0	0	0	0
WXQt<<XYqt 	-0.0879622	0	0	0	0
WXQt<<ZYq0 	0.049006	0	0	0	0
WXQt<<xYq0 	-0.19842	0	0	0	0
WXYq<<AjCl 	-0.116636	0	0	0	0
WXYq<<Defc 	-0.0581528	0	0	0	0
WXYq<<InfC 	-0.0445663	0	0	0	0
WXYq<<MSyn 	-0.10728	0	0	0	0
WXYq<<Voct 	-0.0702437	0	0	0	0
WXYq<<WQtX 	0.0380354	0	0	0	0
WXYq<<WayX 	0.00219199	0	0	0	0
WXYq<<WxQ0 	-0.111485	0	0	0	0
WXYq<<ZIm0 	0.0686427	0	0	0	0
WXYq<<ZQt0 	-0.107309	0	0	0	0
WXYq<<xQtX 	-0.102217	0	0	0	0
WYq0<<AjCl 	-0.323242	0	0	0	0
WYq0<<CPen 	-0.0216176	0	0	0	0
WYq0<<InfC 	-0.0963317	0	0	0	0
WYq0<<MSyn 	-0.0345917	0	0	0	0
WYq0<<NmCl 	-0.0169721	0	0	0	0
WYq0<<Ptcp 	-0.116131	0	0	0	0
WYq0<<Voct 	-0.0530092	0	0	0	0
WYq0<<WQt0 	-0.192518	0	0	0	0
WYq0<<WXQt 	0.00521377	0	0	0	0
WYq0<<WayX 	-0.0291782	0	0	0	0
WYq0<<WxQ0 	-0.114029	0	0	0	0
WYq0<<WxQX 	-0.0250588	0	0	0	0
WYq0<<XQtl 	0.0267257	0	0	0	0
WYq0<<ZQt0 	-0.120591	0	0	0	0
WYq0<<ZQtX 	-0.0804454	0	0	0	0
WYq0<<xQtX 	-0.0410671	0	0	0	0
WYqX<<NmCl 	-0.366019	0	0	0	0
WYqX<<Ptcp 	-0.144279	0	0	0	0
WYqX<<WQt0 	-0.0203094	0	0	0	0
WYqX<<XQtl 	-0.029557	0	0	0	0
WYqX<<ZQt0 	-0.103717	0	0	0	0
WYqX<<ZQtX 	-0.0802729	0	0	0	0
WYqX<<xQt0 	-0.103717	0	0	0	0
WYqX<<xQtX 	-0.353146	0	0	0	0
WxI0<<CPen 	-0.00435468	0	0	0	0
WxI0<<Ellp 	0.0576506	0	0	0	0
WxI0<<MSyn 	-0.0955958	0	0	0	0
WxI0<<NmCl 	-0.0503021	0	0	0	0
WxI0<<Ptcp 	-0.074692	0	0	0	0
WxI0<<Voct 	-0.220354	0	0	0	0
WxI0<<WXYq 	0.0224961	0	0	0	0
WxI0<<WayX 	-0.121422	0	0	0	0
WxI0<<WxQ0 	-0.0739501	0	0	0	0
WxI0<<WxQX 	-0.0841223	0	0	0	0
WxI0<<XQtl 	0.0257212	0	0	0	0
WxI0<<xQtX 	0.00634201	0	0	0	0
WxQ0<<AjCl 	-0.193365	0	0	0	0
WxQ0<<InfC 	-0.0675885	0	0	0	0
WxQ0<<MSyn 	-0.0985814	0	0	0	0
WxQ0<<Voct 	0.0235491	0	0	0	0
WxQ0<<WYq0 	-0.00820939	0	0	0	0
WxQ0<<WayX 	-0.0550459	0	0	0	0
WxQ0<<ZIm0 	-0.0833133	0	0	0	0
WxQ0<<ZYq0 	-0.00848864	0	0	0	0
WxQ0<<ZYqX 	0.0382029	0	0	0	0
WxQ0<<xYq0 	-0.241657	0	0	0	0
WxQX<<CPen 	0.0208611	0	0	0	0
WxQX<<Defc 	-0.0487208	0	0	0	0
WxQX<<Ellp 	-0.0581334	0	0	0	0
WxQX<<Voct 	0.110786	0	0	0	0
WxQX<<WXYq 	-0.195639	0	0	0	0
WxQX<<WYq0 	-0.0421759	0	0	0	0
WxQX<<WayX 	-0.157933	0	0	0	0
WxQX<<WxY0 	-0.0827038	0	0	0	0
WxQX<<XYqt 	0.0935822	0	0	0	0
WxQX<<ZIm0 	-0.13464	0	0	0	0
WxQX<<ZYq0 	-0.219345	0	0	0	0
WxQX<<xYq0 	-0.116975	0	0	0	0
WxY0<<CPen 	-0.0778318	0	0	0	0
WxY0<<Ellp 	-0.0578745	0	0	0	0
WxY0<<InfC 	0.0384901	0	0	0	0
WxY0<<MSyn 	-0.104213	0	0	0	0
WxY0<<Ptcp 	-0.100175	0	0	0	0
WxY0<<Voct 	-0.119425	0	0	0	0
WxY0<<WQtX 	0.0379275	0	0	0	0
WxY0<<WXQt 	0.0104899	0	0	0	0
WxY0<<WayX 	0.00434493	0	0	0	0
WxY0<<WxQX 	-0.0947373	0	0	0	0
WxY0<<XQtl 	0.00722217	0	0	0	0
WxY0<<ZQtX 	-0.0220997	0	0	0	0
WxY0<<xQt0 	-0.127671	0	0	0	0
WxY0<<xQtX 	-0.0942944	0	0	0	0
WxYX<<CPen 	0.0134003	0	0	0	0
WxYX<<Defc 	0.0272157	0	0	0	0
WxYX<<Ellp 	0.0238706	0	0	0	0
WxYX<<Voct 	-0.0256857	0	0	0	0
WxYX<<WayX 	-0.0940697	0	0	0	0
WxYX<<WxQX 	-0.137842	0	0	0	0
WxYX<<XQtl 	-0.0180052	0	0	0	0
WxYX<<ZQtX 	-0.138612	0	0	0	0
WxYX<<xQt0 	-0.2613	0	0	0	0
XPos>>Main 	0.00441019	0	0	0	0
XQtl<<AjCl 	-0.127858	0	0	0	0
XQtl<<WYq0 	0.046599	0	0	0	0
XQtl<<WxY0 	-0.0806568	0	0	0	0
XQtl<<WxYX 	0.0653006	0	0	0	0
XQtl<<ZIm0 	-0.0652256	0	0	0	0
XQtl<<ZYq0 	-0.0165519	0	0	0	0
XQtl<<ZYqX 	-0.0406913	0	0	0	0
XQtl<<xIm0 	0.0678859	0	0	0	0
XQtl<<xYq0 	-0.127344	0	0	0	0
XQtl<<xYqX 	-0.321884	0	0	0	0
XYqt<<Ellp 	-0.00223134	0	0	0	0
XYqt<<InfC 	0.0439426	0	0	0	0
XYqt<<MSyn 	-0.0930558	0	0	0	0
XYqt<<WQt0 	-0.13546	0	0	0	0
XYqt<<WQtX 	-0.186612	0	0	0	0
XYqt<<WayX 	-0.0954255	0	0	0	0
XYqt<<ZQt0 	-0.0481434	0	0	0	0
XYqt<<ZQtX 	-0.0206286	0	0	0	0
XYqt<<xQtX 	-0.10575	0	0	0	0
ZIm0<<CPen 	0.113703	0	0	0	0
ZIm0<<Ellp 	0.0813829	0	0	0	0
ZIm0<<InfC 	-0.0172667	0	0	0	0
ZIm0<<WQt0 	-0.102354	0	0	0	0
ZIm0<<WQtX 	0.0172037	0	0	0	0
ZIm0<<WXQt 	0.103569	0	0	0	0
ZIm0<<WYq0 	-0.260947	0	0	0	0
ZIm0<<WayX 	-0.112771	0	0	0	0
ZIm0<<WxQ0 	0.0232972	0	0	0	0
ZIm0<<WxQX 	-0.0406501	0	0	0	0
ZIm0<<XQtl 	0.0946561	0	0	0	0
ZIm0<<ZQt0 	-0.0689278	0	0	0	0
ZIm0<<ZQtX 	-0.119952	0	0	0	0
ZIm0<<xQt0 	-0.0530357	0	0	0	0
ZIm0<<xQtX 	0.044791	0	0	0	0
ZQt0<<InfC 	-0.0774357	0	0	0	0
ZQt0<<MSyn 	0.0776648	0	0	0	0
ZQt0<<Voct 	-0.037125	0	0	0	0
ZQt0<<WXYq 	-0.0523409	0	0	0	0
ZQt0<<WayX 	-0.161182	0	0	0	0
ZQt0<<XYqt 	0.031783	0	0	0	0
ZQt0<<xIm0 	0.0697673	0	0	0	0
ZQt0<<xYq0 	-0.175533	0	0	0	0
ZQtX<<AjCl 	-0.0938829	0	0	0	0
ZQtX<<Defc 	0.00441379	0	0	0	0
ZQtX<<InfC 	-0.0215373	0	0	0	0
ZQtX<<MSyn 	0.138301	0	0	0	0
ZQtX<<WYq0 	-0.0871823	0	0	0	0
ZQtX<<WayX 	-0.248521	0	0	0	0
ZQtX<<WxY0 	-0.177426	0	0	0	0
ZQtX<<XYqt 	-0.0115916	0	0	0	0
ZQtX<<xIm0 	0.0495375	0	0	0	0
ZQtX<<xYq0 	-0.107979	0	0	0	0
ZYq0<<InfC 	-0.047402	0	0	0	0
ZYq0<<Ptcp 	-0.114396	0	0	0	0
ZYq0<<Voct 	0.0457513	0	0	0	0
ZYq0<<WQt0 	-0.200541	0	0	0	0
ZYq0<<WQtX 	-0.113808	0	0	0	0
ZYq0<<WXQt 	0.0113397	0	0	0	0
ZYq0<<WayX 	-0.0584021	0	0	0	0
ZYq0<<WxQ0 	0.0521844	0	0	0	0
ZYq0<<WxQX 	-0.0640057	0	0	0	0
ZYq0<<XQtl 	0.0613005	0	0	0	0
ZYq0<<ZIm0 	-0.017168	0	0	0	0
ZYq0<<ZQt0 	-0.134052	0	0	0	0
ZYq0<<ZQtX 	-0.0111909	0	0	0	0
ZYq0<<xQt0 	-0.098967	0	0	0	0
ZYq0<<xQtX 	-0.0194697	0	0	0	0
ZYqX<<Defc 	0.163882	0	0	0	0
ZYqX<<MSyn 	0.033963	0	0	0	0
ZYqX<<Voct 	0.123638	0	0	0	0
ZYqX<<WIm0 	-0.0499047	0	0	0	0
ZYqX<<WQt0 	-0.134934	0	0	0	0
ZYqX<<WXQt 	0.127578	0	0	0	0
ZYqX<<WayX 	-0.264258	0	0	0	0
ZYqX<<WxQ0 	0.0396377	0	0	0	0
ZYqX<<WxQX 	-0.0576249	0	0	0	0
ZYqX<<XQtl 	0.0220454	0	0	0	0
ZYqX<<xQt0 	0.00932422	0	0	0	0
xIm0<<CPen 	-0.00476351	0	0	0	0
xIm0<<Defc 	-0.0784079	0	0	0	0
xIm0<<Ellp 	-0.04472	0	0	0	0
xIm0<<InfC 	-0.0794242	0	0	0	0
xIm0<<Ptcp 	-0.0723751	0	0	0	0
xIm0<<WQtX 	0.0942257	0	0	0	0
xIm0<<WXQt 	0.055004	0	0	0	0
xIm0<<WayX 	-0.109722	0	0	0	0
xIm0<<WxQ0 	-0.0856366	0	0	0	0
xIm0<<WxQX 	-0.107305	0	0	0	0
xIm0<<WxY0 	-0.910718	0	0	0	0
xIm0<<XQtl 	0.063402	0	0	0	0
xIm0<<XYqt 	-0.0852332	0	0	0	0
xIm0<<ZQt0 	-0.053819	0	0	0	0
xIm0<<ZQtX 	0.0654779	0	0	0	0
xIm0<<ZYqX 	-0.145876	0	0	0	0
xIm0<<xQt0 	-0.0715128	0	0	0	0
xIm0<<xQtX 	0.0276101	0	0	0	0
xQt0<<Voct 	-0.0587714	0	0	0	0
xQt0<<WYqX 	-0.149957	0	0	0	0
xQt0<<WayX 	0.0316115	0	0	0	0
xQt0<<WxYX 	0.0500329	0	0	0	0
xQt0<<XYqt 	0.0566679	0	0	0	0
xQt0<<ZIm0 	-0.0802796	0	0	0	0
xQt0<<ZYq0 	0.0480203	0	0	0	0
xQt0<<ZYqX 	0.0773409	0	0	0	0
xQt0<<xYqX 	0.113306	0	0	0	0
xQtX<<AjCl 	-0.202383	0	0	0	0
xQtX<<CPen 	0.100977	0	0	0	0
xQtX<<Voct 	0.122043	0	0	0	0
xQtX<<WayX 	-0.0971118	0	0	0	0
xQtX<<WxY0 	0.103023	0	0	0	0
xQtX<<WxYX 	-0.108942	0	0	0	0
xQtX<<ZIm0 	0.0170798	0	0	0	0
xQtX<<ZYq0 	-0.061194	0	0	0	0
xQtX<<xYq0 	-0.133227	0	0	0	0
xQtX<<xYqX 	-0.215611	0	0	0	0
xYq0<<Voct 	-0.0310124	0	0	0	0
xYq0<<WQtX 	-0.123873	0	0	0	0
xYq0<<WayX 	-0.0393231	0	0	0	0
xYq0<<WxI0 	-0.1673	0	0	0	0
xYq0<<ZQtX 	0.0251184	0	0	0	0
xYq0<<xIm0 	-0.0702447	0	0	0	0
xYqX<<AjCl 	0.00238453	0	0	0	0
xYqX<<CPen 	0.137638	0	0	0	0
xYqX<<InfC 	0.00598888	0	0	0	0
xYqX<<MSyn 	-0.0761177	0	0	0	0
xYqX<<Ptcp 	-0.00119212	0	0	0	0
xYqX<<WQt0 	-0.00660125	0	0	0	0
xYqX<<WXQt 	0.0717217	0	0	0	0
xYqX<<WayX 	-0.187963	0	0	0	0
xYqX<<WxI0 	-0.0637698	0	0	0	0
xYqX<<WxQ0 	0.0451981	0	0	0	0
xYqX<<WxQX 	-0.0643683	0	0	0	0
xYqX<<XQtl 	0.098849	0	0	0	0
xYqX<<ZIm0 	0.0879224	0	0	0	0
xYqX<<ZQt0 	0.00983487	0	0	0	0
xYqX<<xQtX 	-0.0846576	0	0	0	0
