preV1par00 	-0.0483584	4.3595	-0.240339	0.0045345	661
pngV<<pngV 	0.0838226	3.8058	0.0830248	-0.0276765	615
VBT << VBT 	0.132246	4.25768	-0.621639	-0.916077	593
Cocj<<Cocj 	0.102472	3.32362	0.288126	-0.0979767	491
----<<Subj 	-0.00622538	2.54088	-0.198861	0.0233186	463
preV2sub00 	-0.0891753	2.52427	-0.0677079	-0.028085	458
Cocj<<---- 	0.0379244	2.74383	-0.140941	-0.074029	442
----<<Cocj 	0.0394634	2.01684	0.031742	0.115481	404
----<<NPd1 	-0.0159182	3.00391	0.0521953	0.0433179	376
NoReferral 	-0.0330361	2.91571	-0.068764	0.0199603	347
Subj<<Subj 	-0.014202	6.53571	-0.208632	0.0328274	331
3rdP<<1/2P 	-0.0509782	3.25123	-0.0620648	-0.0590123	296
preV2par00 	-0.0464349	1.67805	-0.154331	-0.0242016	282
preV1sub00 	-0.0654951	3.27907	-0.199113	-0.0302811	278
NPd1<<---- 	-0.0290115	4.31944	-0.0512606	-0.0045936	271
Subj<<---- 	-0.0471129	3.58447	-0.136286	0.105406	266
Socj<<---- 	-0.0380778	1.57292	-0.179394	-0.132632	242
1/2P<<3rdP 	-0.0398333	3.36413	0.0679858	0.169265	240
NPd1<<NPd1 	-0.00657891	6.10256	-0.00295652	-0.0396777	230
----<<NPd2 	-0.041115	4.07692	-0.0957862	-0.0490982	208
perV<<perV 	-0.0579267	3.23333	-0.0225206	-0.0586783	190
----<<Quot 	-0.0776406	4.58879	-0.0920718	0.143055	186
Sfx << Sfx 	0.170901	2.08805	0.0498205	0.00707562	179
Sfx <<pngV 	0.00387052	2.6993	0.0707756	0.00658377	165
NPd2<<---- 	0.00451124	5.5597	0.000124702	-0.0522613	160
pngV<< Sfx 	0.0241647	2.81148	0.0986671	0.0181736	148
numV<<numV 	-0.061288	5.11957	-0.174633	0.0399357	138
ParalLex01 	0.0709249	7.41441	-0.00139067	-0.00471727	133
Adju<<Main 	0.107626	1.08219	-0.127622	-0.155747	132
----<<Socj 	0.210209	1.8087	0.0201015	0.0129457	125
Asyn<<QtVb 	0.124219	3.02703	0.125435	0.511233	124
Rela<<Main 	0.0332626	1.11881	0.000150134	-0.0449009	121
Quot<<---- 	-0.00655612	3.90123	0.0287337	0.0673872	110
MacroSign? 	0.0352538	3.88679	0.0240938	0.0431081	86
VblC//VblC 	0.0932066	4.52	0.371378	-0.137301	73
VLex==VLex 	0.072823	9.14	0.0527917	-0.00301967	72
ParalPre00 	0.0904862	3.38462	0.0137077	0.0238503	65
Elliptical 	-0.0478412	7.55769	-0.0472405	-0.207676	63
B...//...B 	-0.0130204	13.5741	-0.0284636	-0.0880949	62
NPd2<<NPd2 	0.0073132	3.32692	-0.115292	-0.0162255	61
L...//...L 	0.0206512	3.13043	-0.128746	-0.0517591	51
Coor<<Main 	0.569225	1.11111	0.169791	0.0110724	50
NmCl<<NmCl 	0.124483	1.7027	-0.542542	-0.779457	45
Socj<<Socj 	0.166234	1.425	-0.261241	-0.0656745	41
NmCl<<Ptcp 	0.0370667	1.43478	-0.705318	-0.776021	29
----<<Ques 	0.243653	2.56	-0.0703785	-0.051436	28
ParalPre01 	0.467453	3.88889	0.0421588	-0.0220167	28
Ptcp<<XQtl 	-0.0279085	3.38889	-0.589512	-0.924048	28
preV2sub01 	0.157636	9.5	-0.162835	0.0117833	27
xQt0<<NmCl 	0.188021	1.61111	-0.677772	-1.01951	27
InfC<<Ptcp 	0.0439741	1	-0.66816	-1.00378	24
Main<<Voct 	0.132821	2	0.0840597	0.304814	24
Ptcp<<NmCl 	0.188821	2.33333	-0.728346	-1.01933	24
Main<<CPen 	-0.00358778	2.47059	-0.0493582	-0.309944	23
preV1par01 	0.224155	2.2381	0.0486369	0.0543098	22
Ptcp<<xQt0 	0.059832	1.23077	-0.67478	-0.925476	19
Defc<<Ptcp 	-0.0309429	4.25	-0.7443	-0.320486	17
InfC<<Defc 	0.0360785	1	-0.723075	-0.98067	17
Ques<<---- 	-0.0580267	1.94118	-0.125585	0.65665	17
InfC<<XQtl 	-0.0867128	1	-0.648368	-1.15145	16
Quot<<Quot 	-0.0996814	11.7273	0.842289	0.0259972	16
xQt0<<Defc 	0.336617	1.55556	-0.715959	-1.10297	16
Objc<<Main 	0.0927387	1.07692	0.101656	-0.154136	15
Voct<<Ptcp 	0.0693862	1	-0.775509	-0.233333	15
ZQt0<<Defc 	0.810645	1.90909	-0.956589	-1.20622	15
ParalLex02 	0.0517781	10	-0.226537	-0.151281	14
Voct<<NmCl 	0.14384	2	-0.573736	-0.967323	14
NmCl<<XQtl 	-0.0275886	1.7	-0.464463	-0.944581	13
xYq0<<NmCl 	0.200201	1.66667	-0.712478	-1.13457	13
AjCl<<NmCl 	0.264195	1.875	-0.815035	-0.833204	12
InfC<<WxQ0 	0.172248	1	-0.841698	-1.09221	12
InfC<<xQt0 	0.0864293	1.28571	-0.651372	-0.859914	12
InfC<<WXQt 	-0.0637281	1	-0.669059	-0.978616	11
MN..//..MN 	0.163451	1	-0.0774537	-0.012318	11
Ptcp<<Ellp 	0.314502	1.75	-0.558071	-0.90454	11
preV1sub01 	0.0656415	1	-0.0201444	0.063256	11
NmCl<<WXQt 	0.123956	2.125	-0.630292	-1.04099	10
Ptcp<<ZQt0 	-0.050171	1	-0.854092	-0.932818	10
Subj<<Main 	0.14374	1.28571	-0.0646563	0.0637947	10
Voct<<ZIm0 	0.790587	1.66667	-0.648728	-0.981389	10
<<<<//<<<< 	0.215144	1.22222	-0.296758	0.0375722	9
NmCl<<Defc 	0.0913023	2	-0.633733	-1.03928	9
NmCl<<Ellp 	0.171169	2.14286	-0.661524	-0.896376	9
PreC<<Main 	1.24047	1	-0.0507481	-0.0207338	9
Ptcp<<MSyn 	0.173597	1	-0.702993	-1.16779	9
W-HNH+Verb 	0.00396509	1	-0.147428	-0.0927714	9
WXQt<<NmCl 	0.0425683	3	-0.546674	-0.991002	9
XQtl<<NmCl 	0.112891	4.16667	-0.654593	-1.07774	9
preV2par01 	-0.0777941	1.22222	0.0514789	0.0864278	9
xQtX<<Ptcp 	0.0854229	4.33333	-0.51156	-0.92915	9
xYq0<<Defc 	0.810388	1.55556	-0.700288	-0.956513	9
Defc<<NmCl 	0.100103	5.85714	-0.813308	-0.929891	8
InfC<<WQt0 	-0.0114909	1	-0.70618	-0.922516	8
NmCl<<AjCl 	0.511497	1.42857	-0.873085	-0.938453	8
NmCl<<CPen 	0.136501	3	-0.780262	-1.14752	8
xQt0<<Ptcp 	-0.0306325	1.83333	-0.937326	-0.63616	8
<L..//..<L 	-0.0700069	2.42857	-0.118593	-0.0366767	7
AjCl<<AjCl 	0.415499	1	-1.05774	-0.763664	7
NmCl<<WQt0 	0.39065	1.42857	-0.854705	-0.430176	7
Ptcp<<Ptcp 	0.119665	1.16667	-0.700908	-0.919069	7
ZIm0<<Ptcp 	0.12362	1	-0.956432	0.114337	7
ZQt0<<Voct 	0.389307	2	-0.813441	-1.07064	7
xYq0<<Ellp 	0.440104	1.28571	-0.530999	-0.981073	7
xYq0<<Ptcp 	-0.0219793	2.2	-0.77805	-0.625949	7
Defc<<Defc 	-0.00026824	2.25	-0.376656	-0.799624	6
Defc<<ZIm0 	0.479106	3.66667	-0.716579	-0.864022	6
Defc<<ZQt0 	-0.0176759	1	-0.859059	-0.925971	6
Ellp<<Ptcp 	0.149337	3.4	-0.748574	-0.604992	6
Ellp<<XQtl 	0.0217495	39.2	-0.656781	-0.739414	6
InfC<<ZQt0 	-0.0730248	1	-0.703697	-1.11769	6
MSyn<<MSyn 	0.187248	6.5	-0.160489	-0.925612	6
MSyn<<NmCl 	-0.0802331	14	-1.3377	-0.821499	6
NmCl<<Voct 	0.0837754	3	-0.764596	-1.49903	6
ZIm0<<Voct 	0.472003	1	-0.896194	-1.49385	6
ZQt0<<NmCl 	0.251927	3	-0.598982	-1.1354	6
xQt0<<CPen 	0.25899	2	-0.83464	-0.976176	6
CPen<<xQt0 	0.0266984	4	-0.505394	-0.8669	5
Defc<<InfC 	0.317422	2.25	-0.718925	-0.988433	5
InfC<<xQtX 	0.0487541	1.5	-0.495855	-0.985037	5
InfC<<xYq0 	0.437059	1	-0.681763	-0.893122	5
MSyn<<Voct 	0.257758	30	-1.30949	-0.884025	5
NmCl<<WxQX 	0.00969031	3.4	-0.494379	-1.04503	5
NmCl<<WxY0 	0.214057	1.25	-0.896875	-1.13247	5
NmCl<<XYqt 	0.119346	7	-0.401664	-0.950396	5
NmCl<<xQt0 	0.000788076	1	-0.757041	-0.455604	5
NmCl<<xYq0 	0.418599	1.4	-0.574803	-1.00415	5
ParalLex03 	0.508822	1.8	-0.261689	-0.09266	5
Pron<<Pron 	-0.0545353	8.6	0.53133	0.0570631	5
Ptcp<<AjCl 	0.626581	2	-0.915592	-0.891683	5
Ptcp<<xQtX 	0.0353186	4.6	-0.476532	-0.926223	5
Rec << Reg 	0.582441	2.6	0.126171	0.155179	5
WxQX<<NmCl 	0.444622	3.75	-0.471421	-0.86648	5
ZYq0<<Defc 	1.35275	2.4	-0.634828	-1.08509	5
AjCl<<Ptcp 	0.00617348	1	-0.9802	-0.154238	4
CPen<<NmCl 	0.0862344	1.5	-0.879417	-0.784163	4
CPen<<Ptcp 	-0.0213275	67.5	-0.685891	-0.936422	4
Defc<<AjCl 	0.766914	1	-0.3854	-0.882856	4
Downward=Y 	-0.131376	1	-0.950275	-0.955173	4
Ellp<<WxY0 	0.759396	2	-0.879355	-0.137409	4
MSyn<<ZQt0 	0.785937	12.5	-0.618864	-0.861316	4
NmCl<<WxQ0 	0.0513986	1	-1.03477	-0.962918	4
NmCl<<xQtX 	0.0275557	2.33333	-0.454986	-0.896038	4
Ptcp<<CPen 	0.0912	4	-0.651461	-0.831769	4
Ptcp<<WXQt 	-0.108594	1	-0.981628	-0.951446	4
Ptcp<<WxYX 	0.137064	1.25	-0.742209	-0.978787	4
Voct<<Voct 	-0.00581274	15.75	0.306302	-0.343324	4
Voct<<xYq0 	0.727222	1	-0.669523	-0.983374	4
WXYq<<Ptcp 	-0.0342879	1	-0.816151	-1.00026	4
XQtl<<Defc 	0.26027	3.33333	-0.650667	-1.19397	4
XQtl<<Voct 	0.303009	3.25	-0.707916	-0.880296	4
ZQtX<<NmCl 	0.313462	2	-0.661562	-1.19346	4
ZYq0<<Ellp 	0.465226	2.66667	-0.590156	-0.996238	4
xIm0<<Voct 	0.805532	1	-0.963902	-1.52193	4
AjCl<<xYq0 	0.9882	1	-0.578119	-0.812529	3
CPen<<xQtX 	0.342285	4	-0.511345	-0.959429	3
Defc<<WXQt 	0.0130161	2.5	-0.806405	-1.04162	3
Defc<<WYq0 	0.979809	1.5	-0.85753	-0.954275	3
Defc<<xQt0 	-0.0363828	2	-0.745709	-0.983351	3
Ellp<<NmCl 	0.164191	1.33333	-0.317201	-0.67368	3
Ellp<<WXYq 	0.572601	1	-0.869748	-0.675806	3
Ellp<<xQt0 	0.18313	2	-0.534637	-0.750201	3
InfC<<NmCl 	-0.133854	1	-0.684739	-0.899271	3
InfC<<WxQX 	-0.000558405	1	-0.744949	-0.925213	3
NmCl<<ZIm0 	0.389026	7.5	-0.492629	-0.953202	3
Ptcp<<Defc 	0.078845	3	-0.556437	-0.862955	3
Ptcp<<InfC 	0.0610776	2.33333	-0.548066	-0.818776	3
Ptcp<<WQt0 	-0.113839	1.66667	-0.993762	-1.03694	3
Ptcp<<WxQX 	-0.100856	2.33333	-0.728302	-0.942834	3
Ptcp<<ZIm0 	0.408749	2	-0.686106	-0.906447	3
Voct<<Ellp 	0.298483	1	-0.721895	-1.00795	3
Voct<<MSyn 	0.0896308	1	-1.00977	-1.04936	3
Voct<<XQtl 	-0.0497138	1	-0.608117	-0.291747	3
WQt0<<WXYq 	0.686624	2	-0.889113	-0.877431	3
WQt0<<WxY0 	0.342019	1	-1.01013	-0.943247	3
WQtX<<Defc 	0.2753	1	-0.414725	-1.00783	3
WXYq<<Ellp 	0.0718567	3	-0.379593	-0.9088	3
WYq0<<ZIm0 	0.143254	1	-0.866189	-0.922113	3
WxQ0<<Ellp 	0.432428	4	-0.51328	-0.962326	3
WxY0<<Defc 	0.14077	3.5	-0.798871	-0.928512	3
WxY0<<WQt0 	0.368282	1	-1.14569	-0.905536	3
XQtl<<MSyn 	0.638741	1	-0.670323	-1.28292	3
XYqt<<CPen 	0.660268	1.33333	-0.719086	-1.10441	3
XYqt<<Defc 	0.550385	1.5	-0.570107	-1.11586	3
XYqt<<Ptcp 	0.0699288	1	-0.773462	0.476795	3
xQt0<<AjCl 	0.565189	1	-0.382881	-0.831093	3
xQt0<<Ellp 	0.311071	1.33333	-0.746636	-1.02503	3
xQt0<<InfC 	0.380569	1	-0.685486	-0.820721	3
xQt0<<Voct 	0.0412074	1	-0.936507	-1.17349	3
xQtX<<Defc 	0.364662	2	-0.5941	-1.08591	3
xYq0<<CPen 	0.217808	1.66667	-0.633135	-0.852734	3
xYq0<<InfC 	0.206776	1	-0.794822	-0.903954	3
xYq0<<WQt0 	0.207518	1	-0.744156	-0.872093	3
AjCl<<Ellp 	0.0631399	1	-1.07204	-0.722587	2
AjCl<<xQt0 	0.0767633	1	-0.678267	-0.8947	2
CPen<<CPen 	1.01239	11.5	0.329745	-0.748895	2
CPen<<Defc 	0.752707	3	-0.86451	-0.972507	2
CPen<<XYqt 	0.554624	4.5	-0.38164	-0.850856	2
Defc<<Voct 	0.0186435	2.5	-0.787593	-1.38996	2
Defc<<XYqt 	1.26714	1.5	-0.626369	-1.26286	2
Ellp<<Ellp 	0.948857	1	0.848658	-0.580894	2
Ellp<<WQt0 	0.422042	1	-0.665962	-0.853858	2
Ellp<<WXQt 	0.107029	1	-0.685986	-0.813212	2
Ellp<<WxQX 	0.144526	29	-0.549889	-0.7861	2
Ellp<<xIm0 	1.9333	1	-0.574372	-0.584225	2
Ellp<<xYq0 	0.101577	1	-0.191698	-0.302575	2
InfA<<ZQt0 	0.410101	4	-0.790295	-0.945931	2
InfA<<xYq0 	0.586717	1	-0.668444	-0.859271	2
InfC<<WxY0 	0.234951	1	-0.788166	-0.925744	2
InfC<<ZQtX 	0.172426	1	-0.396982	-0.814896	2
MSyn<<Ptcp 	0.691268	1	-0.91669	-0.368745	2
MSyn<<WQtX 	0.192344	1	-0.653748	-0.743367	2
NmCl<<MSyn 	-0.0527903	2.5	-0.795199	-0.896923	2
NmCl<<WxYX 	0.0617841	1.5	-0.913337	-0.921376	2
Ptcp<<WXYq 	0.303935	1	-0.952773	-0.909266	2
Ptcp<<WxY0 	0.10643	1.5	-1.04429	-0.911197	2
Ptcp<<xYq0 	0.136188	1.5	-0.853438	-0.722732	2
Ques<<Ques 	0.397244	2	-0.282636	-0.0363597	2
Voct<<CPen 	0.158386	1	-0.722557	-0.985139	2
Voct<<WxQ0 	-0.015772	1	-0.759745	0.324385	2
Voct<<XYqt 	0.0157288	1	-0.76024	-1.40999	2
WQt0<<NmCl 	-0.0320714	3	-0.335582	-0.989017	2
WQt0<<xYq0 	0.272855	2	-0.822785	-0.775381	2
WQtX<<WxYX 	1.19762	11	0.486688	-0.971509	2
WXQt<<CPen 	0.145986	18	-0.746006	-0.951799	2
WXQt<<Defc 	0.203904	6	-0.598914	-1.07011	2
WXYq<<NmCl 	0.118913	1	-0.684225	-0.971347	2
WXYq<<WQt0 	0.199805	1	-0.8745	-0.999654	2
WXYq<<XQtl 	-0.0438759	2.5	-0.656028	-0.915776	2
WXYq<<ZQtX 	0.490227	1.5	-0.283821	-0.879982	2
WYq0<<Ptcp 	-0.0641586	1	-0.608741	-0.856757	2
WYq0<<XQtl 	0.0756539	7	-0.276185	-0.983848	2
WxQ0<<Defc 	0.134379	5.5	-1.04688	-0.992654	2
WxQ0<<Ptcp 	-0.0399448	5.5	-0.967574	-0.768815	2
WxQ0<<XYqt 	0.17444	1.5	-0.566615	-0.892975	2
WxQX<<Ptcp 	0.00184901	5.5	-0.46596	-1.03014	2
WxY0<<xIm0 	1.88856	2	-0.72028	-0.810074	2
XQtl<<CPen 	0.28847	1.5	-0.58197	-0.907863	2
XQtl<<Ptcp 	-0.0611139	17	-0.496609	-0.941118	2
XQtl<<XYqt 	0.308046	17	-0.824151	-0.959586	2
XYqt<<WXQt 	0.487566	10	-0.656268	-1.13269	2
ZIm0<<CPen 	0.950052	1.5	-0.726594	-0.799174	2
ZIm0<<Defc 	0.266401	2	-0.901923	-1.19593	2
ZQtX<<CPen 	0.5538	1.5	-0.540117	-0.830689	2
ZQtX<<Defc 	0.547668	3	-0.75596	-1.18279	2
ZQtX<<Voct 	0.90995	2	-0.607986	-1.07291	2
ZYq0<<NmCl 	0.223808	1.5	-0.713298	-1.05209	2
ZYqX<<ZIm0 	1.05796	2	-0.711061	-1.0328	2
xQt0<<WYq0 	1.12939	1	-0.68828	-0.785033	2
xQt0<<XYqt 	0.178275	2	-0.572733	-0.969131	2
xQtX<<InfC 	0.248122	1	-0.578162	-0.483637	2
xQtX<<NmCl 	0.0661383	1	-0.62509	-1.07571	2
xQtX<<Voct 	0.617738	2	-0.742183	-1.37768	2
xYq0<<AjCl 	0.0432062	1	-0.3977	-0.972857	2
xYq0<<MSyn 	0.0419865	1	-0.979703	-1.30011	2
xYq0<<WXQt 	-0.00375998	1	-0.663666	-0.925373	2
xYq0<<WxQ0 	0.128531	2	-0.921291	-1.05974	2
xYq0<<xQt0 	0.0351075	3.5	-0.720943	-0.887164	2
xYqX<<NmCl 	0.192406	2	-0.58815	-0.945518	2
xYqX<<Voct 	0.383372	1.5	-0.725122	-1.58099	2
<M..//..<M 	0.357618	1	0.0764107	-0.0164432	1
AjCl<<Voct 	0.10678	1	-1.10889	-1.35101	1
AjCl<<WxQ0 	0.11672	2	-0.697769	-2.04247	1
AjCl<<WxQX 	-0.0618893	1	-0.434619	-1.02616	1
AjCl<<WxYX 	0.977393	1	-0.561436	-1.07441	1
AjCl<<XYqt 	0.337217	5	-0.65545	-0.963429	1
AjCl<<ZQtX 	0.569005	4	-0.418242	-0.975954	1
AjCl<<xYqX 	1.4947	1	-0.342016	-0.835846	1
B>TR//B>TR 	1.25308	5	1.47351	-0.0723599	1
CPen<<Ellp 	0.128087	4	-0.858385	-1.4535	1
CPen<<InfC 	0.294063	1	-0.78299	0.380586	1
CPen<<WxYX 	0.275523	14	-0.769865	-1.04545	1
CPen<<ZIm0 	1.77536	16	-0.567459	-0.925912	1
CPen<<ZYq0 	0.81973	3	-0.517078	-1.49941	1
D   <<  >N 	-0.257791	1	-0.0452458	0.0175695	1
Defc<<Ellp 	0.0552285	2	-1.04779	-0.906558	1
Defc<<WQtX 	0.278422	1	-0.630042	-0.826681	1
Defc<<XQtl 	-0.0124963	2	-0.592157	-0.977343	1
Defc<<xYq0 	0.0221932	2	-0.758542	-0.808355	1
Ellp<<AjCl 	0.859128	14	-0.417687	-0.638828	1
Ellp<<InfC 	0.270776	8	-0.494112	-0.651338	1
Ellp<<WQtX 	1.58931	1	-0.825104	-0.682045	1
Ellp<<WxI0 	1.46184	1	-0.955351	-0.684647	1
Ellp<<XYqt 	0.279469	23	-0.500831	-0.790009	1
Ellp<<ZIm0 	0.429227	2	-0.756029	-0.841957	1
Ellp<<ZQt0 	0.447985	1	-0.575015	-0.706085	1
Ellp<<ZYqX 	0.492107	1	-0.188167	-0.696723	1
InfA<<WXQt 	1.77617	1	-0.771348	-0.886097	1
InfA<<ZQtX 	1.36159	1	-0.564412	-0.900191	1
InfC<<Ellp 	0.016654	1	-0.826543	-0.915955	1
InfC<<InfA 	1.6756	1	-0.749011	-1.12476	1
InfC<<WYq0 	0.327953	1	-0.749789	-0.935533	1
InfC<<WxYX 	0.543442	1	-0.412107	-0.920988	1
InfC<<ZYq0 	1.81133	2	-0.508575	-0.690155	1
MSyn<<CPen 	0.455346	5	-1.23902	-0.847011	1
NmCl<<WQtX 	0.011904	1	-0.848926	-0.929876	1
NmCl<<WXIm 	1.69929	1	-0.547832	-0.941375	1
NmCl<<WXYq 	-0.0777939	1	-0.58277	-1.15284	1
NmCl<<ZQt0 	0.010713	7	-0.743689	-1.12077	1
NmCl<<xYqX 	0.29591	1	-0.513357	-0.848862	1
ParalLex05 	1.27868	3	-0.018184	-0.0906301	1
Ptcp<<Voct 	0.0109109	1	-0.694214	-0.893973	1
Ptcp<<WYqX 	1.44988	1	-0.424481	-0.801278	1
Ptcp<<WxQ0 	-0.080848	1	-1.06386	-0.993353	1
Ptcp<<XYqt 	0.0429147	5	-0.970103	-0.983647	1
Ptcp<<ZQtX 	-0.0111445	1	-0.67617	-0.939902	1
Ptcp<<ZYqX 	1.65047	1	-0.743223	-0.921613	1
Ptcp<<xIm0 	0.902193	1	-0.520528	-1.09611	1
QDM.//.QDM 	-0.116238	3	-0.102393	-0.0874705	1
Voct<<Defc 	-0.0426925	1	-0.77372	-1.00823	1
Voct<<InfC 	0.201621	1	-0.748848	-1.15435	1
Voct<<WQt0 	0.0130982	1	-0.797599	0.187181	1
Voct<<ZYq0 	1.86235	1	-0.765079	-1.88656	1
Voct<<xQt0 	0.0728427	1	-0.670429	-0.984037	1
WIm0<<xQtX 	0.579918	4	-0.246331	-0.891036	1
WQt0<<Ellp 	0.287917	1	-1.12857	-0.903722	1
WQt0<<WxYX 	0.770872	4	-0.916438	-0.917433	1
WQtX<<NmCl 	0.0619673	9	-0.797742	-1.08991	1
WQtX<<WxY0 	0.671031	1	-0.926817	-0.956202	1
WQtX<<ZYq0 	1.62875	3	-0.805797	-1.0037	1
WQtX<<ZYqX 	0.718087	2	-0.804351	-0.885444	1
WXIm<<MSyn 	0.553027	34	-0.520827	-0.909157	1
WXQt<<Ptcp 	-0.0907761	1	-0.265293	-0.94037	1
WXQt<<WXYq 	0.216111	4	-0.694196	-0.963961	1
WXQt<<xYq0 	0.526531	7	-0.327315	-1.07784	1
WXQt<<xYqX 	1.58249	1	-0.0490483	-0.920824	1
WXYq<<CPen 	0.0781216	2	-0.894931	-1.07524	1
WXYq<<WQtX 	0.491353	1	-0.546215	-0.871544	1
WXYq<<WXQt 	-0.0489466	1	-0.823387	-0.918487	1
WXYq<<WxQX 	-0.126861	1	-0.686447	-0.83143	1
WXYq<<xQt0 	0.0237019	2	-0.807256	-1.06181	1
WYq0<<Defc 	0.510679	1	-1.04806	-1.04774	1
WYq0<<NmCl 	0.0618325	3	-0.593702	-1.0537	1
WYq0<<xQt0 	0.0650439	1	-0.447154	-0.94894	1
WYqX<<Ellp 	1.79321	4	-0.394699	-0.926305	1
WYqX<<InfC 	1.41685	3	-0.300689	-0.944593	1
WYqX<<ZIm0 	0.371076	5	-0.843493	-0.992775	1
WxI0<<Defc 	1.92339	3	-0.607907	-1.08032	1
WxI0<<XYqt 	0.482989	1	-0.273809	-0.89942	1
WxQ0<<InfA 	1.24502	1	-0.943276	-0.889432	1
WxQ0<<WXYq 	0.249519	1	-0.928421	-0.921592	1
WxQX<<AjCl 	1.81183	9	-0.536087	-1.06241	1
WxY0<<AjCl 	0.38241	6	-0.845845	-0.799068	1
WxY0<<InfC 	0.208253	1	-1.2375	-0.896991	1
WxY0<<NmCl 	-0.0903829	1	-0.781801	-0.920156	1
WxY0<<WXQt 	0.293263	1	-0.916438	-0.917433	1
WxY0<<WxQ0 	0.14856	1	-1.07955	-0.874288	1
WxY0<<ZQt0 	0.109057	1	-0.463126	-0.881519	1
WxY0<<xQt0 	-0.0497272	2	-0.459717	-0.890269	1
WxYX<<Defc 	0.0429875	5	-0.910722	-1.20119	1
WxYX<<Ptcp 	0.00920995	1	-0.961445	-0.966778	1
WxYX<<WQtX 	0.296913	1	-0.766457	-0.88279	1
WxYX<<xQtX 	2.01901	2	-0.257257	-1.45345	1
XQtl<<Ellp 	0.126984	67	-0.589298	-0.962869	1
XQtl<<WXYq 	0.285961	1	-0.773605	-0.955398	1
XQtl<<xYq0 	0.140789	2	-0.579023	-1.02177	1
XYqt<<MSyn 	0.350401	1	-0.848546	-1.98458	1
XYqt<<NmCl 	-0.00589816	6	-0.88638	-1.19636	1
XYqt<<Voct 	0.103386	1	-0.944039	-1.55977	1
XYqt<<XQtl 	-0.00694085	16	-0.634606	-1.53148	1
XYqt<<ZIm0 	0.7912	10	-0.170866	-1.05713	1
XYqt<<xIm0 	1.03116	4	-0.549639	-1.00409	1
XYqt<<xQt0 	0.177206	1	-0.44955	0.293923	1
ZIm0<<xYq0 	1.77696	3	-0.688354	-0.952656	1
ZQt0<<CPen 	0.173322	1	-0.657893	-0.793004	1
ZQt0<<Ellp 	0.711563	2	-0.586513	-1.00827	1
ZQtX<<Ptcp 	-0.00957388	18	-0.728868	-1.01358	1
ZYq0<<CPen 	0.469986	3	-0.558561	-0.699619	1
ZYq0<<MSyn 	0.395156	2	-0.714666	-1.06252	1
ZYq0<<Ptcp 	-0.0544023	2	-0.749682	-0.930786	1
ZYqX<<Defc 	0.846331	3	-0.616994	-1.05999	1
ZYqX<<NmCl 	0.609395	2	-0.587408	-1.19734	1
pngV<<Pron 	0.111476	1	0.0596516	0.242287	1
xIm0<<NmCl 	0.279561	2	-0.549555	-1.191	1
xQt0<<MSyn 	0.0682317	1	-0.674369	-1.03028	1
xQt0<<WIm0 	1.518	1	-0.643981	-1.01224	1
xQt0<<WxY0 	0.226791	9	-1.09925	-1.10304	1
xQt0<<ZYq0 	2.11634	2	-0.398793	-1.21538	1
xQt0<<xYq0 	-0.012332	1	-0.229892	-0.298406	1
xQtX<<MSyn 	0.386623	1	-0.764328	-1.35987	1
xQtX<<WIm0 	1.59402	1	-0.342733	-1.04945	1
xQtX<<WYq0 	1.67738	1	-0.499791	-0.95278	1
xYq0<<WxQX 	-0.0168769	1	-0.527401	-0.865787	1
xYq0<<ZIm0 	0.27437	2	-0.75913	-0.95924	1
xYqX<<CPen 	0.550298	1	-0.706669	-0.863141	1
xYqX<<Defc 	0.446432	6	-0.529211	-1.1378	1
xYqX<<WQtX 	0.945426	1	-0.286952	-1.15158	1
xYqX<<ZQtX 	0.973904	7	-0.309359	-1.00898	1
xYqX<<xQt0 	0.619597	7	-0.558449	-1.02365	1
<D..//..<D 	-0.430766	0	0	0	0
AjCl<<CPen 	0.0607348	0	0	0	0
AjCl<<Defc 	-0.0715508	0	0	0	0
AjCl<<InfC 	0.0109939	0	0	0	0
AjCl<<MSyn 	-0.0974248	0	0	0	0
AjCl<<WQt0 	-0.167593	0	0	0	0
AjCl<<WXQt 	-0.148905	0	0	0	0
AjCl<<WXYq 	-0.675053	0	0	0	0
AjCl<<WxY0 	-0.48535	0	0	0	0
AjCl<<XQtl 	-0.0714599	0	0	0	0
AjCl<<ZIm0 	0.0575579	0	0	0	0
AjCl<<ZQt0 	-0.0966737	0	0	0	0
AjCl<<xQtX 	-0.0782808	0	0	0	0
CPen<<MSyn 	-0.14437	0	0	0	0
CPen<<Voct 	-0.214051	0	0	0	0
CPen<<WQt0 	-0.16176	0	0	0	0
CPen<<WQtX 	-0.125831	0	0	0	0
CPen<<WXQt 	-0.146056	0	0	0	0
CPen<<WXYq 	-0.243701	0	0	0	0
CPen<<WYq0 	-0.116645	0	0	0	0
CPen<<WxQ0 	-0.105013	0	0	0	0
CPen<<WxQX 	-0.0657726	0	0	0	0
CPen<<WxY0 	-0.141598	0	0	0	0
CPen<<XQtl 	-0.0797627	0	0	0	0
CPen<<ZQt0 	-0.0471398	0	0	0	0
CPen<<ZQtX 	0.0259269	0	0	0	0
CPen<<ZYqX 	-0.0420183	0	0	0	0
CPen<<xYq0 	-0.14313	0	0	0	0
Defc<<CPen 	-0.116158	0	0	0	0
Defc<<MSyn 	-0.144743	0	0	0	0
Defc<<WIm0 	-0.199605	0	0	0	0
Defc<<WQt0 	-0.11137	0	0	0	0
Defc<<WXYq 	-0.109031	0	0	0	0
Defc<<WYqX 	-0.18978	0	0	0	0
Defc<<WxQ0 	-0.141275	0	0	0	0
Defc<<WxQX 	-0.1083	0	0	0	0
Defc<<WxY0 	-0.103231	0	0	0	0
Defc<<WxYX 	-0.357815	0	0	0	0
Defc<<ZQtX 	-0.0493498	0	0	0	0
Defc<<ZYq0 	-0.0638971	0	0	0	0
Defc<<xQtX 	-0.08676	0	0	0	0
Defc<<xYqX 	-0.247419	0	0	0	0
Downward=N 	-0.178221	1	-1	-1	0
Ellp<<WxQ0 	-0.088034	0	0	0	0
Ellp<<WxYX 	-0.161707	0	0	0	0
Ellp<<ZQtX 	0.0583921	0	0	0	0
Ellp<<xQtX 	-0.0620704	0	0	0	0
>N  <<   D 	-0.191383	0	0	0	0
InfA<<CPen 	-0.170795	0	0	0	0
InfA<<Defc 	-0.0674288	0	0	0	0
InfA<<MSyn 	-0.132612	0	0	0	0
InfA<<NmCl 	-0.0199411	0	0	0	0
InfA<<Voct 	-0.0465275	0	0	0	0
InfA<<WQt0 	-0.255062	0	0	0	0
InfA<<WxQ0 	-0.097235	0	0	0	0
InfA<<XQtl 	0.042562	0	0	0	0
InfA<<XYqt 	-0.332402	0	0	0	0
InfA<<xQt0 	-0.224224	0	0	0	0
InfA<<xQtX 	-0.065393	0	0	0	0
InfC<<AjCl 	-0.129672	0	0	0	0
InfC<<CPen 	-0.0995052	0	0	0	0
InfC<<MSyn 	-0.174595	0	0	0	0
InfC<<Voct 	-0.111315	0	0	0	0
InfC<<WIm0 	-0.128566	0	0	0	0
InfC<<WQtX 	-0.277461	0	0	0	0
InfC<<WXYq 	-0.14659	0	0	0	0
InfC<<WxI0 	-0.0980788	0	0	0	0
InfC<<XYqt 	-0.190017	0	0	0	0
InfC<<ZIm0 	-0.0956162	0	0	0	0
InfC<<xIm0 	-0.351232	0	0	0	0
MSyn<<AjCl 	-0.330129	0	0	0	0
MSyn<<Defc 	-0.293494	0	0	0	0
MSyn<<Ellp 	-0.254262	0	0	0	0
MSyn<<WQt0 	-0.198956	0	0	0	0
MSyn<<WXQt 	-0.167632	0	0	0	0
MSyn<<WxQ0 	-0.141528	0	0	0	0
MSyn<<WxQX 	-0.097083	0	0	0	0
MSyn<<XQtl 	-0.115792	0	0	0	0
MSyn<<XYqt 	-0.272807	0	0	0	0
MSyn<<ZYq0 	-0.119848	0	0	0	0
MSyn<<xQt0 	-0.280075	0	0	0	0
MSyn<<xQtX 	-0.0507932	0	0	0	0
MSyn<<xYq0 	-0.134409	0	0	0	0
NmCl<<InfA 	-0.332978	0	0	0	0
NmCl<<InfC 	-0.0987924	0	0	0	0
NmCl<<WYq0 	-0.0752154	0	0	0	0
NmCl<<ZQtX 	0.00464804	0	0	0	0
NmCl<<ZYq0 	-0.035558	0	0	0	0
NmCl<<xIm0 	0.0101533	0	0	0	0
ParalLex04 	-0.0710078	0	0	0	0
Pron<< Sfx 	-0.154952	0	0	0	0
Pron<<pngV 	-0.228789	0	0	0	0
Ptcp<<WIm0 	-0.118438	0	0	0	0
Ptcp<<WQtX 	-0.174667	0	0	0	0
Ptcp<<WYq0 	-0.062128	0	0	0	0
Ptcp<<ZYq0 	-0.17225	0	0	0	0
Voct<<InfA 	-0.0707417	0	0	0	0
Voct<<WQtX 	-0.0720776	0	0	0	0
Voct<<WXQt 	-0.170517	0	0	0	0
Voct<<WxQX 	-0.100049	0	0	0	0
Voct<<WxYX 	-0.290054	0	0	0	0
Voct<<ZQt0 	-0.091779	0	0	0	0
Voct<<ZQtX 	-0.0433499	0	0	0	0
Voct<<xQtX 	-0.0904214	0	0	0	0
WIm0<<CPen 	-0.106603	0	0	0	0
WIm0<<Defc 	-0.0330591	0	0	0	0
WIm0<<Ellp 	0.00268679	0	0	0	0
WIm0<<MSyn 	-0.105374	0	0	0	0
WIm0<<NmCl 	-0.0429032	0	0	0	0
WIm0<<Ptcp 	-0.0835426	0	0	0	0
WIm0<<Voct 	-0.121786	0	0	0	0
WIm0<<WXQt 	-0.0456116	0	0	0	0
WIm0<<WxQ0 	-0.0601706	0	0	0	0
WIm0<<WxQX 	-0.0925827	0	0	0	0
WIm0<<WxYX 	-0.278955	0	0	0	0
WIm0<<XQtl 	0.0371465	0	0	0	0
WIm0<<ZQt0 	-0.0532542	0	0	0	0
WIm0<<xQt0 	-0.136911	0	0	0	0
WIm0<<xYq0 	-0.144686	0	0	0	0
WQt0<<AjCl 	-0.273959	0	0	0	0
WQt0<<CPen 	0.00681409	0	0	0	0
WQt0<<Defc 	-0.127584	0	0	0	0
WQt0<<InfC 	-0.0585191	0	0	0	0
WQt0<<MSyn 	-0.0235266	0	0	0	0
WQt0<<Ptcp 	-0.13984	0	0	0	0
WQt0<<Voct 	-0.0610513	0	0	0	0
WQt0<<WYq0 	-0.102327	0	0	0	0
WQt0<<WYqX 	-0.311098	0	0	0	0
WQt0<<XYqt 	-0.00663651	0	0	0	0
WQt0<<ZYqX 	-0.224815	0	0	0	0
WQtX<<CPen 	-0.0690938	0	0	0	0
WQtX<<Ellp 	0.0164627	0	0	0	0
WQtX<<InfC 	-0.0492786	0	0	0	0
WQtX<<MSyn 	0.022952	0	0	0	0
WQtX<<Ptcp 	-0.15299	0	0	0	0
WQtX<<Voct 	0.0236412	0	0	0	0
WQtX<<WYq0 	-0.176151	0	0	0	0
WQtX<<WYqX 	-0.275512	0	0	0	0
WQtX<<XYqt 	-0.0234766	0	0	0	0
WQtX<<ZIm0 	-0.13057	0	0	0	0
WQtX<<xYq0 	0.208839	0	0	0	0
WXIm<<CPen 	-0.0961288	0	0	0	0
WXIm<<NmCl 	-0.0881977	0	0	0	0
WXIm<<Ptcp 	-0.132805	0	0	0	0
WXIm<<XQtl 	-0.09153	0	0	0	0
WXQt<<AjCl 	-0.320719	0	0	0	0
WXQt<<Ellp 	-0.0657862	0	0	0	0
WXQt<<InfA 	-0.239265	0	0	0	0
WXQt<<InfC 	-0.0333247	0	0	0	0
WXQt<<MSyn 	-0.0647972	0	0	0	0
WXQt<<Voct 	-0.129235	0	0	0	0
WXQt<<WXIm 	-0.0790411	0	0	0	0
WXQt<<WxY0 	-0.0943357	0	0	0	0
WXQt<<XYqt 	-0.13058	0	0	0	0
WXQt<<ZYq0 	0.10722	0	0	0	0
WXQt<<ZYqX 	-0.0774917	0	0	0	0
WXYq<<AjCl 	-0.0950232	0	0	0	0
WXYq<<Defc 	-0.0428729	0	0	0	0
WXYq<<MSyn 	-0.0918817	0	0	0	0
WXYq<<Voct 	-0.071694	0	0	0	0
WXYq<<WxQ0 	-0.163398	0	0	0	0
WXYq<<ZIm0 	0.0663693	0	0	0	0
WXYq<<ZQt0 	-0.0711937	0	0	0	0
WXYq<<xQtX 	-0.0258967	0	0	0	0
WYq0<<AjCl 	-0.146296	0	0	0	0
WYq0<<CPen 	-0.149302	0	0	0	0
WYq0<<Ellp 	-0.10698	0	0	0	0
WYq0<<InfC 	-0.0588203	0	0	0	0
WYq0<<MSyn 	-0.0927225	0	0	0	0
WYq0<<Voct 	-0.0861466	0	0	0	0
WYq0<<WQt0 	-0.101388	0	0	0	0
WYq0<<WQtX 	-0.119258	0	0	0	0
WYq0<<WXQt 	-0.0758164	0	0	0	0
WYq0<<WxQ0 	0.0352397	0	0	0	0
WYq0<<WxQX 	-0.0857745	0	0	0	0
WYq0<<ZQt0 	-0.0778691	0	0	0	0
WYq0<<ZQtX 	-0.078773	0	0	0	0
WYq0<<xQtX 	0.0188889	0	0	0	0
WYqX<<CPen 	-0.142594	0	0	0	0
WYqX<<Defc 	-0.107399	0	0	0	0
WYqX<<MSyn 	-0.0824281	0	0	0	0
WYqX<<NmCl 	-0.0823892	0	0	0	0
WYqX<<Ptcp 	-0.178047	0	0	0	0
WYqX<<WQt0 	-0.0472079	0	0	0	0
WYqX<<WQtX 	-0.137469	0	0	0	0
WYqX<<WXQt 	0.0419232	0	0	0	0
WYqX<<WxQ0 	0.0623903	0	0	0	0
WYqX<<WxQX 	0.0500368	0	0	0	0
WYqX<<XQtl 	0.0294187	0	0	0	0
WYqX<<ZQt0 	-0.0833437	0	0	0	0
WYqX<<ZQtX 	-0.06113	0	0	0	0
WYqX<<xQt0 	-0.0833437	0	0	0	0
WYqX<<xQtX 	-0.112736	0	0	0	0
WxI0<<CPen 	-0.0430963	0	0	0	0
WxI0<<Ellp 	0.00112303	0	0	0	0
WxI0<<NmCl 	-0.118603	0	0	0	0
WxI0<<Ptcp 	-0.0767162	0	0	0	0
WxI0<<Voct 	-0.194894	0	0	0	0
WxI0<<WxQX 	-0.0603435	0	0	0	0
WxI0<<XQtl 	0.00392389	0	0	0	0
WxI0<<xQtX 	-0.0524322	0	0	0	0
WxQ0<<AjCl 	-0.282338	0	0	0	0
WxQ0<<CPen 	-0.0590188	0	0	0	0
WxQ0<<InfC 	-0.121628	0	0	0	0
WxQ0<<MSyn 	-0.133936	0	0	0	0
WxQ0<<NmCl 	-0.0905401	0	0	0	0
WxQ0<<Voct 	-0.00602736	0	0	0	0
WxQ0<<WxYX 	-0.586078	0	0	0	0
WxQ0<<ZIm0 	0.0257835	0	0	0	0
WxQ0<<ZYq0 	0.012783	0	0	0	0
WxQ0<<xYq0 	-0.356857	0	0	0	0
WxQX<<CPen 	0.00329702	0	0	0	0
WxQX<<Defc 	-0.13289	0	0	0	0
WxQX<<Ellp 	-0.0682062	0	0	0	0
WxQX<<InfC 	-0.00842631	0	0	0	0
WxQX<<MSyn 	-0.123665	0	0	0	0
WxQX<<Voct 	-0.089103	0	0	0	0
WxQX<<WXYq 	-0.295291	0	0	0	0
WxQX<<WxY0 	-0.0943676	0	0	0	0
WxQX<<WxYX 	-0.11049	0	0	0	0
WxQX<<XYqt 	0.144757	0	0	0	0
WxQX<<ZIm0 	0.041308	0	0	0	0
WxQX<<ZYq0 	-0.0130315	0	0	0	0
WxQX<<xYq0 	-0.116851	0	0	0	0
WxY0<<CPen 	-0.0860782	0	0	0	0
WxY0<<Ellp 	-0.192017	0	0	0	0
WxY0<<MSyn 	-0.0865561	0	0	0	0
WxY0<<Ptcp 	-0.11317	0	0	0	0
WxY0<<Voct 	-0.126822	0	0	0	0
WxY0<<WQtX 	-0.234677	0	0	0	0
WxY0<<WxQX 	-0.1556	0	0	0	0
WxY0<<XQtl 	-0.0593557	0	0	0	0
WxY0<<ZIm0 	0.00737795	0	0	0	0
WxY0<<ZQtX 	0.0251923	0	0	0	0
WxY0<<xQtX 	-0.0334106	0	0	0	0
WxYX<<CPen 	0.00104333	0	0	0	0
WxYX<<Ellp 	-0.0147309	0	0	0	0
WxYX<<MSyn 	-0.0943277	0	0	0	0
WxYX<<NmCl 	-0.102115	0	0	0	0
WxYX<<Voct 	-0.0396269	0	0	0	0
WxYX<<WxQ0 	-0.0252094	0	0	0	0
WxYX<<WxQX 	-0.181972	0	0	0	0
WxYX<<XQtl 	-0.0650334	0	0	0	0
WxYX<<ZIm0 	0.0159609	0	0	0	0
WxYX<<ZQt0 	0.106482	0	0	0	0
WxYX<<ZQtX 	-0.124598	0	0	0	0
WxYX<<xQt0 	-0.209561	0	0	0	0
XPos>>Main 	-0.0112424	0	0	0	0
XQtl<<AjCl 	-0.327235	0	0	0	0
XQtl<<InfC 	-0.0562495	0	0	0	0
XQtl<<WIm0 	-0.0346861	0	0	0	0
XQtl<<WxY0 	-0.252937	0	0	0	0
XQtl<<ZIm0 	0.0142677	0	0	0	0
XQtl<<ZYq0 	0.0110353	0	0	0	0
XQtl<<xIm0 	0.0903019	0	0	0	0
XQtl<<xYqX 	-0.204784	0	0	0	0
XYqt<<Ellp 	-0.0414643	0	0	0	0
XYqt<<WQt0 	-0.106775	0	0	0	0
XYqt<<WxQ0 	-0.00151416	0	0	0	0
XYqt<<WxQX 	-0.160396	0	0	0	0
XYqt<<ZQt0 	-0.0355244	0	0	0	0
XYqt<<ZQtX 	0.0262909	0	0	0	0
XYqt<<xQtX 	-0.0902835	0	0	0	0
ZIm0<<Ellp 	0.0944032	0	0	0	0
ZIm0<<MSyn 	0.0566244	1	-0.746284	-1.23026	0
ZIm0<<NmCl 	0.00330591	0	0	0	0
ZIm0<<WQt0 	-0.0969856	0	0	0	0
ZIm0<<WQtX 	-0.10297	0	0	0	0
ZIm0<<WXQt 	0.0464406	0	0	0	0
ZIm0<<WxQ0 	-0.0481236	0	0	0	0
ZIm0<<WxQX 	-0.0381285	0	0	0	0
ZIm0<<WxYX 	-0.145021	0	0	0	0
ZIm0<<XQtl 	0.0537906	0	0	0	0
ZIm0<<ZQt0 	-0.036426	0	0	0	0
ZIm0<<xQt0 	-0.112633	0	0	0	0
ZIm0<<xQtX 	0.0302298	0	0	0	0
ZQt0<<AjCl 	-0.0405078	0	0	0	0
ZQt0<<InfC 	-0.0846069	0	0	0	0
ZQt0<<MSyn 	-0.0458528	0	0	0	0
ZQt0<<Ptcp 	-0.125167	0	0	0	0
ZQt0<<WIm0 	-0.16312	0	0	0	0
ZQt0<<WXYq 	-0.129314	0	0	0	0
ZQt0<<XYqt 	0.00826414	0	0	0	0
ZQt0<<ZIm0 	-0.123656	0	0	0	0
ZQt0<<xYq0 	0.04396	0	0	0	0
ZQtX<<AjCl 	-0.0485425	0	0	0	0
ZQtX<<InfC 	0.0792895	0	0	0	0
ZQtX<<MSyn 	0.0398262	0	0	0	0
ZQtX<<WxY0 	-0.141518	0	0	0	0
ZQtX<<XYqt 	-0.0394012	0	0	0	0
ZQtX<<xIm0 	0.0724699	0	0	0	0
ZQtX<<xYq0 	-0.119202	0	0	0	0
ZYq0<<AjCl 	-0.191728	0	0	0	0
ZYq0<<InfC 	-0.0228634	0	0	0	0
ZYq0<<Voct 	0.0364878	0	0	0	0
ZYq0<<WQt0 	-0.208858	0	0	0	0
ZYq0<<WQtX 	-0.0892565	0	0	0	0
ZYq0<<WXQt 	-0.0535095	0	0	0	0
ZYq0<<WxQ0 	0.116858	0	0	0	0
ZYq0<<WxQX 	-0.0729778	0	0	0	0
ZYq0<<XQtl 	0.049719	0	0	0	0
ZYq0<<ZIm0 	-0.0395324	0	0	0	0
ZYq0<<ZQt0 	-0.100198	0	0	0	0
ZYq0<<ZQtX 	-0.0213233	0	0	0	0
ZYq0<<xQt0 	-0.061606	0	0	0	0
ZYq0<<xQtX 	0.0846222	0	0	0	0
ZYqX<<CPen 	-0.0171892	0	0	0	0
ZYqX<<InfC 	-0.124216	0	0	0	0
ZYqX<<MSyn 	0.0331346	0	0	0	0
ZYqX<<Ptcp 	-0.00855528	0	0	0	0
ZYqX<<Voct 	0.111357	0	0	0	0
ZYqX<<WIm0 	-0.124273	0	0	0	0
ZYqX<<WQtX 	-0.104141	0	0	0	0
ZYqX<<WxQ0 	0.058902	0	0	0	0
ZYqX<<WxQX 	0.0732241	0	0	0	0
ZYqX<<XQtl 	0.0573423	0	0	0	0
ZYqX<<xQt0 	0.0701712	0	0	0	0
xIm0<<CPen 	-0.0368753	0	0	0	0
xIm0<<Defc 	-0.0630442	0	0	0	0
xIm0<<Ellp 	-0.145617	0	0	0	0
xIm0<<InfC 	-0.100949	0	0	0	0
xIm0<<Ptcp 	-0.070582	0	0	0	0
xIm0<<WQt0 	-0.0769354	0	0	0	0
xIm0<<WXQt 	-0.00297291	0	0	0	0
xIm0<<WxQ0 	-0.160472	0	0	0	0
xIm0<<WxQX 	-0.0854321	0	0	0	0
xIm0<<XQtl 	-0.00863128	0	0	0	0
xIm0<<XYqt 	0.040594	0	0	0	0
xIm0<<ZQt0 	-0.0334924	0	0	0	0
xIm0<<ZQtX 	0.0258476	0	0	0	0
xIm0<<ZYqX 	-0.166837	0	0	0	0
xIm0<<xQt0 	-0.00345741	0	0	0	0
xIm0<<xQtX 	-0.0375729	0	0	0	0
xQt0<<InfA 	-0.338184	0	0	0	0
xQt0<<WXYq 	-0.0763606	0	0	0	0
xQt0<<WYqX 	-0.211377	0	0	0	0
xQt0<<WxYX 	0.0155833	0	0	0	0
xQt0<<ZIm0 	-0.0175096	0	0	0	0
xQt0<<xYqX 	0.188002	0	0	0	0
xQtX<<AjCl 	-0.255274	0	0	0	0
xQtX<<CPen 	0.0306572	0	0	0	0
xQtX<<Ellp 	-0.267228	0	0	0	0
xQtX<<WxY0 	0.110001	0	0	0	0
xQtX<<XYqt 	0.0517381	0	0	0	0
xQtX<<ZIm0 	-0.0966807	0	0	0	0
xQtX<<ZYq0 	0.00712006	0	0	0	0
xQtX<<xYq0 	-0.296154	0	0	0	0
xQtX<<xYqX 	-0.155631	0	0	0	0
xYq0<<Voct 	-0.0675774	0	0	0	0
xYq0<<WIm0 	-0.191007	0	0	0	0
xYq0<<WxI0 	-0.308527	0	0	0	0
xYq0<<XQtl 	-0.000286876	0	0	0	0
xYq0<<ZQt0 	-0.0396568	0	0	0	0
xYq0<<ZQtX 	0.0325432	0	0	0	0
xYq0<<xQtX 	-0.0240384	0	0	0	0
xYqX<<AjCl 	-0.0405988	0	0	0	0
xYqX<<Ellp 	-0.00805163	0	0	0	0
xYqX<<InfC 	0.102024	0	0	0	0
xYqX<<MSyn 	0.00860649	0	0	0	0
xYqX<<Ptcp 	0.00534171	0	0	0	0
xYqX<<WQt0 	0.0116702	0	0	0	0
xYqX<<WXQt 	0.0346326	0	0	0	0
xYqX<<WxI0 	-0.0651335	0	0	0	0
xYqX<<WxQ0 	0.0374027	0	0	0	0
xYqX<<WxQX 	0.107027	0	0	0	0
xYqX<<XQtl 	0.0625623	0	0	0	0
xYqX<<ZIm0 	0.118846	0	0	0	0
xYqX<<ZQt0 	-0.00118211	0	0	0	0
xYqX<<xIm0 	0.0176212	0	0	0	0
xYqX<<xQtX 	0.0710469	0	0	0	0
