        12 ( 12 )         11 ( 11 )          1 (  1 )         99         1
        12 ( 12 )          1 (  1 )         99         1
        12 ( 12 )         99         1
        11 ( 11 )          5 (  5 )          1 (  1 )          3 (  3 )         99         1
        11 ( 11 )          4 (  4 )          2 (  2 )         99         1
        11 ( 11 )          2 (  2 )          7 (  7 )         99         1
        11 ( 11 )          1 (  1 )          5 (  5 )          5 (  5 )         99         1
        11 ( 11 )          1 (  1 )          5 (  5 )          2 (  2 )         99         1
        11 ( 11 )          1 (  1 )          5 (  5 )         99         1
        11 ( 11 )          1 (  1 )          2 (  2 )          7 (  7 )         99         1
        11 ( 11 )          1 (  1 )          2 (  2 )         99         1
        11 ( 11 )          1 (  1 )         99         1
        11 ( 11 )         99         1
        10 ( 10 )         10 ( 10 )         99         1
        10 ( 10 )          7 (  7 )          1 (  1 )         99         1
        10 ( 10 )          2 (  2 )          1 (  1 )         99         1
        10 ( 10 )          2 (  2 )         99         1
        10 ( 10 )          1 (  1 )          3 (  3 )          5 (  5 )         99         1
        10 ( 10 )          1 (  1 )         99         1
        10 ( 10 )         99         1
         9 (  9 )          1 (  1 )         99         1
         9 (  9 )         99         1
         7 (  7 )          3 (  3 )         99         1
         7 (  7 )          1 (  1 )          5 (  5 )         99         1
         7 (  7 )         99         1
         6 (  6 )         20 ( 20 )         20 ( 20 )          6 (  6 )         20 ( 20 )        100 (100 )        100         1
         6 (  6 )         20 ( 20 )          2 (  2 )          5 (  5 )         99         1
         6 (  6 )         20 ( 20 )          1 (  1 )          5 (  5 )         99         1
         6 (  6 )         20 ( 20 )         99         1
         6 (  6 )         13 ( 13 )          7 (  7 )          4 (  4 )         99         1
         6 (  6 )         13 ( 13 )          7 (  7 )         99         1
         6 (  6 )         13 ( 13 )         99         1
         6 (  6 )         11 ( 11 )          5 (  5 )          5 (  5 )          1 (  1 )         99         1
         6 (  6 )         11 ( 11 )          5 (  5 )          1 (  1 )          5 (  5 )         99         1
         6 (  6 )         11 ( 11 )          1 (  1 )          5 (  5 )          2 (  2 )         99         1
         6 (  6 )         11 ( 11 )          1 (  1 )          3 (  3 )         99         1
         6 (  6 )         11 ( 11 )          1 (  1 )          2 (  2 )          2 (  2 )         99         1
         6 (  6 )         11 ( 11 )          1 (  1 )          2 (  2 )         99         1
         6 (  6 )         11 ( 11 )          1 (  1 )         99         1
         6 (  6 )         11 ( 11 )         99         1
         6 (  6 )         10 ( 10 )         99         1
         6 (  6 )          9 (  9 )          2 (  2 )         99         1
         6 (  6 )          7 (  7 )          3 (  3 )          2 (  2 )         99         1
         6 (  6 )          7 (  7 )          1 (  1 )          5 (  5 )          5 (  5 )         99         1
         6 (  6 )          7 (  7 )          1 (  1 )          5 (  5 )         99         1
         6 (  6 )          7 (  7 )          1 (  1 )          4 (  4 )         99         1
         6 (  6 )          7 (  7 )          1 (  1 )         99         1
         6 (  6 )          7 (  7 )         99         1
         6 (  6 )          5 (  5 )          5 (  5 )          6 (  6 )          5 (  5 )        100 (100 )        100         1
         6 (  6 )          5 (  5 )          1 (  1 )          4 (  4 )         99         1
         6 (  6 )          5 (  5 )          1 (  1 )         20 ( 20 )         99         1
         6 (  6 )          5 (  5 )         11 ( 11 )          1 (  1 )         99         1
         6 (  6 )          5 (  5 )          1 (  1 )          5 (  5 )         99         1
         6 (  6 )          5 (  5 )          1 (  1 )          2 (  2 )         99         1
         6 (  6 )          5 (  5 )          1 (  1 )         99         1
         6 (  6 )          5 (  5 )          5 (  5 )         99         1
         6 (  6 )          5 (  5 )         99         1
         6 (  6 )          4 (  4 )          4 (  4 )          6 (  6 )          4 (  4 )        100 (100 )        100         1
         6 (  6 )          4 (  4 )         20 ( 20 )          1 (  1 )         99         1
         6 (  6 )          4 (  4 )          1 (  1 )         99         1
         6 (  6 )          4 (  4 )         99         1
         6 (  6 )          3 (  3 )          2 (  2 )         99         1
         6 (  6 )          3 (  3 )          1 (  1 )          5 (  5 )         99         1
         6 (  6 )          2 (  2 )         11 ( 11 )          1 (  1 )         99         1
         6 (  6 )          2 (  2 )          7 (  7 )         99         1
         6 (  6 )          2 (  2 )          4 (  4 )          5 (  5 )         99         1
         6 (  6 )          2 (  2 )          1 (  1 )          2 (  2 )          6 (  6 )          2 (  2 )          1 (  1 )        100 (100 )        100         1
         6 (  6 )          2 (  2 )          2 (  2 )          6 (  6 )          2 (  2 )        100 (100 )        100         1
         6 (  6 )          2 (  2 )         11 ( 11 )          1 (  1 )          2 (  2 )         99         1
         6 (  6 )          2 (  2 )          1 (  1 )          5 (  5 )         99         1
         6 (  6 )          2 (  2 )          1 (  1 )         99         1
         6 (  6 )          2 (  2 )         99         1
         6 (  6 )          1 (  1 )         20 ( 20 )         99         1
         6 (  6 )          1 (  1 )          7 (  7 )         99         1
         6 (  6 )          1 (  1 )          5 (  5 )         20 ( 20 )         99         1
         6 (  6 )          1 (  1 )          5 (  5 )          5 (  5 )         99         1
         6 (  6 )          1 (  1 )          5 (  5 )          2 (  2 )         99         1
         6 (  6 )          1 (  1 )          5 (  5 )         99         1
         6 (  6 )          1 (  1 )          4 (  4 )         99         1
         6 (  6 )          1 (  1 )          3 (  3 )          5 (  5 )          5 (  5 )         99         1
         6 (  6 )          1 (  1 )          3 (  3 )          5 (  5 )         99         1
         6 (  6 )          1 (  1 )          3 (  3 )         99         1
         6 (  6 )          1 (  1 )          2 (  2 )          8 (  8 )          5 (  5 )         99         1
         6 (  6 )          1 (  1 )          2 (  2 )          5 (  5 )         99         1
         6 (  6 )          1 (  1 )          2 (  2 )         99         1
         6 (  6 )          1 (  1 )         99         1
         6 (  6 )          1 (  1 )         99         1
         6 (  6 )         99         1
         5 (  5 )          7 (  7 )         99         1
         5 (  5 )          2 (  2 )          5 (  5 )        100 (100 )        100         1
         5 (  5 )          1 (  1 )          3 (  3 )          5 (  5 )         99         1
         5 (  5 )          1 (  1 )          3 (  3 )         99         1
         5 (  5 )          1 (  1 )          2 (  2 )         99         1
         5 (  5 )          1 (  1 )         99         1
         4 (  4 )          1 (  1 )          5 (  5 )         99         1
         4 (  4 )          1 (  1 )         99         1
         4 (  4 )         99         1
         3 (  3 )          6 (  6 )          3 (  3 )         99         1
         3 (  3 )          1 (  1 )          5 (  5 )          2 (  2 )         99         1
         2 (  2 )         11 ( 11 )          1 (  1 )          5 (  5 )         99         1
         2 (  2 )         11 ( 11 )          1 (  1 )          5 (  5 )         99         1
         2 (  2 )          8 (  8 )         99         1
         2 (  2 )          7 (  7 )         99         1
         2 (  2 )          1 (  1 )          5 (  5 )          5 (  5 )         99         1
         2 (  2 )          1 (  1 )         99         1
         1 (  1 )         20 ( 20 )          5 (  5 )         99         1
         1 (  1 )         20 ( 20 )         99         1
         1 (  1 )         10 ( 10 )          5 (  5 )         99         1
         1 (  1 )          7 (  7 )         99         1
         1 (  1 )          5 (  5 )          5 (  5 )         99         1
         1 (  1 )          5 (  5 )          4 (  4 )         99         1
         1 (  1 )          5 (  5 )         99         1
         1 (  1 )          4 (  4 )         99         1
         1 (  1 )          3 (  3 )         99         1
         1 (  1 )          2 (  2 )          5 (  5 )         99         1
         1 (  1 )          2 (  2 )         99         1
         1 (  1 )          2 (  2 )         99         1
         1 (  1 )          2 (  2 )         99         1
         1 (  1 )          2 (  2 )         99         1
         1 (  1 )         99         1
