 13 - 99
 12 - 99
 11 -   1 -   5 - 99
 11 -   1 - 99
 11 - 99
 10 - 99
  9 - 99
  8 - 99
  7 (  131 ,  48 )   3 -  -2 (   57 )    99
  7 (  131 ,  48 )   1 (    8 ,  51 )   3 - 99
  7 (  131 ,  48 )   1 (    8 ,  51 )   2 (   56 )   2 (   57 )    99
  7 - 99
  6 -  11 -   1 -   5 - 99
  6 -  11 -   1 - 99
  6 (  125 )   7 (  131 ,  48 )   1 (    8 ,  51 )   5 (  121 )   5 (  105 )    99
  6 (  125 )   7 (  131 ,  48 )   1 (    8 ,  51 )   5 - 99
  6 -   7 -   1 -   5 - 99
  6 (  125 )   7 (  131 ,  48 )   1 (    8 ,  51 )   3 - 99
  6 (  125 )   7 (  131 ,  48 )   1 (    8 ,  51 )   2 (   57 )   5 (  105 )   5 (  105 )    99
  6 (  125 )   7 (  131 ,  48 )   1 (    8 ,  51 )   2 (   57 )   5 (  114 )   5 (  105 )    99
  6 (  125 )   7 (  131 ,  48 )   1 (    8 ,  51 )   2 (   57 )   5 (  105 )    99
  6 (  125 )   7 (  131 ,  48 )   1 (    8 ,  51 )   2 (   57 )    99
  6 (  125 )   7 (  131 ,  48 )   1 (    8 ,  51 )   2 (   56 )    99
  6 (  125 )   7 (  131 ,  48 )    99
  6 (  125 )   6 -   1 (   10 ,  51 )   7 (   48 )   5 (  105 )    99
  6 (  125 )   5 (  121 )   4 -   5 (  117 )   4 -   4 -   4 - 99
  6 -   5 -   2 - 99
  6 -   5 (  114 )   1 (   10 ,  51 )   7 (   50 )    99
  6 -   5 -   1 -   5 - 99
  6 -   5 -   1 -   2 - 99
  6 -   5 -   1 - 99
  6 -   5 - 99
  6 (  125 )   3 -   1 (    8 ,  51 )   1 (    8 ,  51 )   4 - 99
  6 (  125 )   3 - 99
  6 -   2 (   56 )   7 (  136 ,  50 )    99
  6 -   2 -   5 - 99
  6 (  125 )   2 (   56 )   2 (   56 )   5 (  105 )   5 (  105 )    99
  6 -   2 (   57 )   2 (   56 )    99
  6 -   2 -   2 - 99
  6 (  125 )   2 (   57 )   1 (    8 ,  51 )   5 (  105 )   5 (  117 )    99
  6 (  125 )   2 (   57 )   1 (    8 ,  51 )   5 (  104 )    99
  6 -   2 -   1 -   5 - 99
  6 -   2 -   1 -   2 - 99
  6 -   2 -   1 - 99
  6 (  125 )   2 (   56 )    99
  6 (  125 )   2 (   57 )    99
  6 -   2 - 99
  6 (  125 )   1 (    8 ,  51 )   7 (   50 )   5 (  114 )   5 (  105 )    99
  6 -   1 (   10 ,  51 )   7 (   48 )   5 (  117 )    99
  6 (  125 )   1 (    8 ,  51 )   7 (   50 )   5 (  114 )    99
  6 (  125 )   1 (    8 ,  51 )   7 (   50 )   5 (  105 )    99
  6 (  125 )   1 (   10 ,  51 )   7 (   50 )   3 -   5 (  105 )    99
  6 (  125 )   1 (    8 ,  51 )   7 (   50 )   3 -   5 (  117 )    99
  6 (  125 )   1 (    8 ,  51 )   7 (   50 )   2 (   57 )    99
  6 -   1 (    8 ,  47 ,  51 )   7 (  136 ,  50 )    99
  6 (  125 )   1 (    8 ,  51 )   7 (  136 ,  50 )    99
  6 (  125 )   1 (    8 ,  51 )   7 (   50 )    99
  6 -   1 -   5 -   5 -   5 - 99
  6 (  125 )   1 (    8 ,  51 )   5 (  117 )   5 (  104 )    99
  6 (  125 )   1 (   10 ,  51 )   5 (  105 )   5 (  104 )    99
  6 -   1 -   5 -   5 - 99
  6 (  125 )   1 (   10 ,  51 )   5 (  105 )   3 -   5 (  105 )    99
  6 (  125 )   1 (    8 ,  51 )   5 (  114 )   3 - 99
  6 -   1 -   5 -   3 - 99
  6 (  125 )   1 (    8 ,  51 )   5 (  105 )   2 (   57 )   6 (  125 )   2 (   57 )   2 (   56 )    99
  6 (  125 )   1 (    8 ,  51 )   5 (  114 )   2 (   57 )   5 (  104 )    99
  6 -   1 -   5 -   2 -   5 - 99
  6 (  125 )   1 (    8 ,  51 )   5 (  117 )   2 (   56 )   2 (   57 )    99
  6 (  125 )   1 (    9 ,  51 )   5 (  104 )   2 (   56 )    99
  6 (  125 )   1 (    8 ,  51 )   5 (  105 )   2 (   57 )    99
  6 -   1 -   5 -   2 - 99
  6 (  125 )   1 (    8 ,  51 )   5 (  105 )    99
  6 (  125 )   1 (    8 ,  51 )   5 (  104 )    99
  6 (  125 )   1 (   14 ,  51 )   5 (  105 )    99
  6 (  125 )   1 (    8 ,  51 )   5 (  114 )    99
  6 (  142 )   1 (    8 ,  51 )   5 (  121 )    99
  6 -   1 -   5 - 99
  6 (  125 )   1 (    8 ,  51 )   4 -   5 (  104 )    99
  6 (  125 )   1 (    8 ,  51 )   4 -   4 -   5 (  105 )    99
  6 -   1 -   4 - 99
  6 -   1 -   3 -   5 -   5 - 99
  6 -   1 (    8 ,  51 )   3 -   5 (  105 )    99
  6 (  125 )   1 (    8 ,  51 )   3 -   5 (  104 )    99
  6 -   1 -   3 -   5 - 99
  6 -   1 -   3 -   2 - 99
  6 -   1 -   3 - 99
  6 (  125 )   1 (    8 ,  51 )   2 (   57 )   5 (  114 )   5 (  105 )    99
  6 -   1 -   2 -   5 -   5 - 99
  6 -   1 -   2 -   5 - 99
  6 (  125 )   1 (    8 ,  51 )   2 (   57 )   2 (   56 )    99
  6 -   1 -   2 -   2 - 99
  6 -   1 -   2 - 99
  6 -   1 - 99
  6 - 99
  5 -   2 - 99
  5 (  105 )   1 (    8 ,  51 )   4 - 99
  5 -   1 -   2 - 99
  5 -   1 - 99
  5 (  120 )    99
  5 (  105 )    99
  5 - 99
  4 -   1 -   3 - 99
  4 -   1 - 99
  4 - 99
  3 -   2 (   57 )    99
  3 -   2 - 99
  3 - 99
  2 -   5 - 99
  2 (   56 )   2 (   56 )   5 (  105 )    99
  2 -   2 - 99
  2 (   57 )   1 (    8 ,  51 )   5 (  121 )   2 (   56 )    99
  2 -   1 -   5 - 99
  2 -   1 -   2 - 99
  2 -   1 - 99
  2 (   56 )    99
  2 - 99
  1 (   14 ,  51 )   7 (   50 )   5 (  105 )    99
  1 (    8 ,  51 )   5 (  104 )   5 (  121 )    99
  1 -   5 -   5 - 99
  1 -   5 -   2 - 99
  1 (    9 ,  51 )   5 (  104 )    99
  1 (    8 ,  51 )   5 (  114 )    99
  1 (    8 ,  51 )   5 (  121 )    99
  1 (    8 ,  53 )   5 (  114 )    99
  1 (    8 ,  51 )   5 (  104 )    99
  1 (   14 ,  51 )   5 (  105 )    99
  1 -   5 - 99
  1 -   3 - 99
  1 -   2 -   5 - 99
  1 (    8 ,  51 )   2 (   57 )   4 -   4 -   4 - 99
  1 (    8 ,  51 )   2 (   57 )    99
  1 -   2 - 99
  1 (    8 ,  51 )    99
  1 - 99
  0 - 99
 -2 - 99
 -3 - 99
 -5 - 99
