     |Defc |Unkn |ZYq0 |ZQt0 |ZIm0 |InfC |InfA |Ptcp |ZYqX |ZQtX |ZImX |XYqt |XQtl |XImp |xYq0 |xQt0 |xIm0 |xYqX |xQtX |xImX |WYq0 |WQt0 |WIm0 |Way0 |WYqX |WQtX |WImX |WayX |WXYq |WXQt |WXIm |WxY0 |WxQ0 |WxI0 |WxYX |WxQX |WxIX |NmCl |AjCl |Voct |CPen |Ellp |MSyn |Reop |XPos +     |
     +-----+-----+-----+-----+-----+-----+-----+-----+-----+-----+-----+-----+-----+-----+-----+-----+-----+-----+-----+-----+-----+-----+-----+-----+-----+-----+-----+-----+-----+-----+-----+-----+-----+-----+-----+-----+-----+-----+-----+-----+-----+-----+-----+-----+-----+-----+
Defc |    0|    0|    0|    0|    0|    0|    0|    0|    0|    0|    0|    0|   16|    0|    0|    0|    0|    0|    0|    0|    0|    0|    0|   16|    0|    0|    0|    0|    0|    0|    0|    0|    0|    0|    0|    0|    0|    0|    0|    0|    0|    0|    0|    0|    0+   32|
     +-----+-----+-----+-----+-----+-----+-----+-----+-----+-----+-----+-----+-----+-----+-----+-----+-----+-----+-----+-----+-----+-----+-----+-----+-----+-----+-----+-----+-----+-----+-----+-----+-----+-----+-----+-----+-----+-----+-----+-----+-----+-----+-----+-----+-----+-----+
Unkn |    0|    0|    0|    0|    0|    0|    0|    0|    0|    0|    0|    0|    0|    0|    0|    0|    0|    0|    0|    0|    0|    0|    0|    0|    0|    0|    0|    0|    0|    0|    0|    0|    0|    0|    0|    0|    0|    0|    0|    0|    0|    0|    0|    0|    0+    0|
     +-----+-----+-----+-----+-----+-----+-----+-----+-----+-----+-----+-----+-----+-----+-----+-----+-----+-----+-----+-----+-----+-----+-----+-----+-----+-----+-----+-----+-----+-----+-----+-----+-----+-----+-----+-----+-----+-----+-----+-----+-----+-----+-----+-----+-----+-----+
ZYq0 |    0|    0|    0|    0|    0|    0|    0|    0|    0|    0|    0|    0|    0|    0|    0|    0|    0|    0|    0|    0|    0|    0|    0|    0|    0|    0|    0|   16|    0|    0|    0|    0|    0|    0|    0|    0|    0|    0|    0|    0|    0|    0|    0|    0|    0+   16|
     +-----+-----+-----+-----+-----+-----+-----+-----+-----+-----+-----+-----+-----+-----+-----+-----+-----+-----+-----+-----+-----+-----+-----+-----+-----+-----+-----+-----+-----+-----+-----+-----+-----+-----+-----+-----+-----+-----+-----+-----+-----+-----+-----+-----+-----+-----+
ZQt0 |    0|    0|    0|    0|    0|    0|    0|    0|    0|    0|    0|    0|    0|    0|    0|    0|    0|    0|    0|    0|    0|    0|    0|   16|    0|    0|    0|    0|    0|    0|    0|    0|    0|    0|    0|    0|    0|    0|    0|    0|    0|    0|    0|    0|    0+   16|
     +-----+-----+-----+-----+-----+-----+-----+-----+-----+-----+-----+-----+-----+-----+-----+-----+-----+-----+-----+-----+-----+-----+-----+-----+-----+-----+-----+-----+-----+-----+-----+-----+-----+-----+-----+-----+-----+-----+-----+-----+-----+-----+-----+-----+-----+-----+
ZIm0 |    0|    0|    0|    0|   32|    0|    0|    0|    0|    0|    0|    0|    0|    0|    0|    0|    0|    0|    0|    0|    0|    0|    0|   16|    0|    0|    0|   32|    0|    0|    0|    0|    0|    0|    0|    0|    0|    0|    0|    0|    0|    0|    0|    0|    0+   80|
     +-----+-----+-----+-----+-----+-----+-----+-----+-----+-----+-----+-----+-----+-----+-----+-----+-----+-----+-----+-----+-----+-----+-----+-----+-----+-----+-----+-----+-----+-----+-----+-----+-----+-----+-----+-----+-----+-----+-----+-----+-----+-----+-----+-----+-----+-----+
InfC |    0|    0|    0|    0|    0|    0|    0|    0|    0|    0|    0|    0|    0|    0|    0|    0|    0|    0|    0|    0|    0|    0|    0|   64|    0|    0|    0|    0|    0|    0|    0|    0|    0|    0|    0|    0|    0|    0|    0|    0|    0|    0|    0|    0|    0+   64|
     +-----+-----+-----+-----+-----+-----+-----+-----+-----+-----+-----+-----+-----+-----+-----+-----+-----+-----+-----+-----+-----+-----+-----+-----+-----+-----+-----+-----+-----+-----+-----+-----+-----+-----+-----+-----+-----+-----+-----+-----+-----+-----+-----+-----+-----+-----+
InfA |    0|    0|    0|    0|    0|    0|    0|    0|    0|    0|    0|    0|    0|    0|    0|    0|    0|    0|    0|    0|    0|    0|    0|    0|    0|    0|    0|    0|    0|    0|    0|    0|    0|    0|    0|    0|    0|    0|    0|    0|    0|    0|    0|    0|    0+    0|
     +-----+-----+-----+-----+-----+-----+-----+-----+-----+-----+-----+-----+-----+-----+-----+-----+-----+-----+-----+-----+-----+-----+-----+-----+-----+-----+-----+-----+-----+-----+-----+-----+-----+-----+-----+-----+-----+-----+-----+-----+-----+-----+-----+-----+-----+-----+
Ptcp |    0|    0|    0|    0|    0|    0|    0|    0|    0|    0|    0|    0|    0|    0|    0|    0|    0|    0|    0|    0|    0|    0|    0|    0|    0|    0|    0|    0|    0|   16|    0|    0|    0|    0|    0|    0|    0|    0|    0|    0|    0|    0|    0|    0|    0+   16|
     +-----+-----+-----+-----+-----+-----+-----+-----+-----+-----+-----+-----+-----+-----+-----+-----+-----+-----+-----+-----+-----+-----+-----+-----+-----+-----+-----+-----+-----+-----+-----+-----+-----+-----+-----+-----+-----+-----+-----+-----+-----+-----+-----+-----+-----+-----+
ZYqX |    0|    0|    0|    0|    0|    0|    0|    0|    0|    0|    0|    0|    0|    0|    0|    0|    0|    0|    0|    0|    0|    0|    0|    0|    0|    0|    0|    0|    0|    0|    0|    0|    0|    0|    0|    0|    0|    0|    0|    0|    0|    0|    0|    0|    0+    0|
     +-----+-----+-----+-----+-----+-----+-----+-----+-----+-----+-----+-----+-----+-----+-----+-----+-----+-----+-----+-----+-----+-----+-----+-----+-----+-----+-----+-----+-----+-----+-----+-----+-----+-----+-----+-----+-----+-----+-----+-----+-----+-----+-----+-----+-----+-----+
ZQtX |    0|    0|    0|    0|    0|    0|    0|    0|    0|    0|    0|    0|    0|    0|    0|    0|    0|    0|    0|    0|    0|    0|    0|    0|    0|    0|    0|    0|    0|    0|    0|    0|    0|    0|    0|    0|    0|    0|    0|    0|   16|    0|    0|    0|    0+   16|
     +-----+-----+-----+-----+-----+-----+-----+-----+-----+-----+-----+-----+-----+-----+-----+-----+-----+-----+-----+-----+-----+-----+-----+-----+-----+-----+-----+-----+-----+-----+-----+-----+-----+-----+-----+-----+-----+-----+-----+-----+-----+-----+-----+-----+-----+-----+
ZImX |    0|    0|    0|    0|    0|    0|    0|    0|    0|    0|    0|    0|    0|    0|    0|    0|    0|    0|    0|    0|    0|    0|    0|    0|    0|    0|    0|    0|    0|    0|    0|    0|    0|    0|    0|    0|    0|    0|    0|    0|    0|    0|    0|    0|    0+    0|
     +-----+-----+-----+-----+-----+-----+-----+-----+-----+-----+-----+-----+-----+-----+-----+-----+-----+-----+-----+-----+-----+-----+-----+-----+-----+-----+-----+-----+-----+-----+-----+-----+-----+-----+-----+-----+-----+-----+-----+-----+-----+-----+-----+-----+-----+-----+
XYqt |    0|    0|    0|    0|    0|    0|    0|    0|    0|    0|    0|    0|    0|    0|    0|    0|    0|    0|    0|    0|    0|    0|    0|    0|    0|    0|    0|    0|    0|    0|    0|    0|    0|    0|    0|    0|    0|    0|    0|    0|    0|    0|    0|    0|    0+    0|
     +-----+-----+-----+-----+-----+-----+-----+-----+-----+-----+-----+-----+-----+-----+-----+-----+-----+-----+-----+-----+-----+-----+-----+-----+-----+-----+-----+-----+-----+-----+-----+-----+-----+-----+-----+-----+-----+-----+-----+-----+-----+-----+-----+-----+-----+-----+
XQtl |    0|    0|    0|    0|    0|    0|    0|    0|    0|    0|    0|    0|   32|    0|    0|    0|    0|    0|    0|    0|    0|    0|    0|    0|    0|    0|    0|    0|    0|    0|    0|    0|    0|    0|    0|    0|    0|   32|    0|    0|    0|    0|    0|    0|    0+   64|
     +-----+-----+-----+-----+-----+-----+-----+-----+-----+-----+-----+-----+-----+-----+-----+-----+-----+-----+-----+-----+-----+-----+-----+-----+-----+-----+-----+-----+-----+-----+-----+-----+-----+-----+-----+-----+-----+-----+-----+-----+-----+-----+-----+-----+-----+-----+
XImp |    0|    0|    0|    0|    0|    0|    0|    0|    0|    0|    0|    0|    0|    0|    0|    0|    0|    0|    0|    0|    0|    0|    0|    0|    0|    0|    0|    0|    0|    0|    0|    0|    0|    0|    0|    0|    0|    0|    0|    0|    0|    0|    0|    0|    0+    0|
     +-----+-----+-----+-----+-----+-----+-----+-----+-----+-----+-----+-----+-----+-----+-----+-----+-----+-----+-----+-----+-----+-----+-----+-----+-----+-----+-----+-----+-----+-----+-----+-----+-----+-----+-----+-----+-----+-----+-----+-----+-----+-----+-----+-----+-----+-----+
xYq0 |    0|    0|    0|    0|    0|    0|    0|    0|    0|    0|    0|    0|    0|    0|    0|    0|    0|    0|    0|    0|    0|    0|    0|    0|    0|    0|    0|    0|    0|    0|    0|    0|    0|    0|    0|    0|    0|    0|    0|    0|    0|    0|    0|    0|    0+    0|
     +-----+-----+-----+-----+-----+-----+-----+-----+-----+-----+-----+-----+-----+-----+-----+-----+-----+-----+-----+-----+-----+-----+-----+-----+-----+-----+-----+-----+-----+-----+-----+-----+-----+-----+-----+-----+-----+-----+-----+-----+-----+-----+-----+-----+-----+-----+
xQt0 |    0|    0|    0|    0|    0|    0|    0|    0|    0|    0|    0|    0|    0|    0|    0|    0|    0|    0|    0|    0|    0|    0|    0|   16|    0|    0|    0|   16|    0|   16|    0|    0|    0|    0|    0|    0|    0|    0|    0|    0|    0|   16|    0|    0|    0+   64|
     +-----+-----+-----+-----+-----+-----+-----+-----+-----+-----+-----+-----+-----+-----+-----+-----+-----+-----+-----+-----+-----+-----+-----+-----+-----+-----+-----+-----+-----+-----+-----+-----+-----+-----+-----+-----+-----+-----+-----+-----+-----+-----+-----+-----+-----+-----+
xIm0 |    0|    0|    0|    0|    0|    0|    0|    0|    0|    0|    0|    0|    0|    0|    0|    0|    0|    0|    0|    0|    0|    0|    0|    0|    0|    0|    0|    0|    0|    0|    0|    0|    0|    0|    0|    0|    0|    0|    0|    0|    0|    0|    0|    0|    0+    0|
     +-----+-----+-----+-----+-----+-----+-----+-----+-----+-----+-----+-----+-----+-----+-----+-----+-----+-----+-----+-----+-----+-----+-----+-----+-----+-----+-----+-----+-----+-----+-----+-----+-----+-----+-----+-----+-----+-----+-----+-----+-----+-----+-----+-----+-----+-----+
xYqX |    0|    0|    0|    0|    0|    0|    0|    0|    0|    0|    0|    0|    0|    0|    0|    0|    0|    0|    0|    0|    0|    0|    0|   16|    0|    0|    0|    0|    0|    0|    0|    0|    0|    0|    0|    0|    0|    0|    0|    0|    0|    0|    0|    0|    0+   16|
     +-----+-----+-----+-----+-----+-----+-----+-----+-----+-----+-----+-----+-----+-----+-----+-----+-----+-----+-----+-----+-----+-----+-----+-----+-----+-----+-----+-----+-----+-----+-----+-----+-----+-----+-----+-----+-----+-----+-----+-----+-----+-----+-----+-----+-----+-----+
xQtX |    0|    0|    0|    0|    0|    0|    0|    0|    0|    0|    0|    0|    0|    0|    0|    0|    0|    0|    0|    0|    0|    0|    0|    0|    0|    0|    0|    0|    0|    0|    0|    0|    0|    0|    0|    0|    0|    0|    0|    0|    0|    0|    0|    0|    0+    0|
     +-----+-----+-----+-----+-----+-----+-----+-----+-----+-----+-----+-----+-----+-----+-----+-----+-----+-----+-----+-----+-----+-----+-----+-----+-----+-----+-----+-----+-----+-----+-----+-----+-----+-----+-----+-----+-----+-----+-----+-----+-----+-----+-----+-----+-----+-----+
xImX |    0|    0|    0|    0|    0|    0|    0|    0|    0|    0|    0|    0|    0|    0|    0|    0|    0|    0|    0|    0|    0|    0|    0|    0|    0|    0|    0|    0|    0|    0|    0|    0|    0|    0|    0|    0|    0|    0|    0|    0|    0|    0|    0|    0|    0+    0|
     +-----+-----+-----+-----+-----+-----+-----+-----+-----+-----+-----+-----+-----+-----+-----+-----+-----+-----+-----+-----+-----+-----+-----+-----+-----+-----+-----+-----+-----+-----+-----+-----+-----+-----+-----+-----+-----+-----+-----+-----+-----+-----+-----+-----+-----+-----+
WYq0 |    0|    0|    0|    0|    0|    0|    0|    0|    0|    0|    0|    0|    0|    0|    0|    0|    0|    0|    0|    0|    0|    0|    0|    0|    0|    0|    0|    0|    0|    0|    0|    0|    0|    0|    0|    0|    0|    0|    0|    0|    0|    0|    0|    0|    0+    0|
     +-----+-----+-----+-----+-----+-----+-----+-----+-----+-----+-----+-----+-----+-----+-----+-----+-----+-----+-----+-----+-----+-----+-----+-----+-----+-----+-----+-----+-----+-----+-----+-----+-----+-----+-----+-----+-----+-----+-----+-----+-----+-----+-----+-----+-----+-----+
WQt0 |    0|    0|    0|    0|    0|    0|    0|    0|    0|    0|    0|    0|    0|    0|    0|    0|    0|    0|    0|    0|    0|    0|    0|   16|    0|    0|    0|   16|    0|    0|    0|    0|    0|    0|    0|    0|    0|    0|    0|    0|    0|    0|    0|    0|    0+   32|
     +-----+-----+-----+-----+-----+-----+-----+-----+-----+-----+-----+-----+-----+-----+-----+-----+-----+-----+-----+-----+-----+-----+-----+-----+-----+-----+-----+-----+-----+-----+-----+-----+-----+-----+-----+-----+-----+-----+-----+-----+-----+-----+-----+-----+-----+-----+
WIm0 |    0|    0|    0|    0|    0|    0|    0|    0|    0|    0|    0|    0|    0|    0|    0|    0|    0|    0|    0|    0|    0|    0|    0|    0|    0|    0|    0|    0|    0|    0|    0|    0|    0|    0|    0|    0|    0|    0|    0|    0|    0|    0|    0|    0|    0+    0|
     +-----+-----+-----+-----+-----+-----+-----+-----+-----+-----+-----+-----+-----+-----+-----+-----+-----+-----+-----+-----+-----+-----+-----+-----+-----+-----+-----+-----+-----+-----+-----+-----+-----+-----+-----+-----+-----+-----+-----+-----+-----+-----+-----+-----+-----+-----+
Way0 |    0|    0|    0|    0|    0|    0|    0|    0|    0|    0|    0|    0|    0|    0|    0|    0|    0|    0|    0|    0|    0|    0|    0|  256|    0|    0|    0|   48|    0|   64|    0|    0|    0|    0|    0|    0|    0|   48|    0|    0|    0|    0|    0|    0|    0+  416|
     +-----+-----+-----+-----+-----+-----+-----+-----+-----+-----+-----+-----+-----+-----+-----+-----+-----+-----+-----+-----+-----+-----+-----+-----+-----+-----+-----+-----+-----+-----+-----+-----+-----+-----+-----+-----+-----+-----+-----+-----+-----+-----+-----+-----+-----+-----+
WYqX |    0|    0|    0|    0|    0|    0|    0|    0|    0|    0|    0|    0|    0|    0|    0|    0|    0|    0|    0|    0|    0|    0|    0|    0|    0|    0|    0|    0|    0|    0|    0|    0|    0|    0|    0|    0|    0|    0|    0|    0|    0|    0|    0|    0|    0+    0|
     +-----+-----+-----+-----+-----+-----+-----+-----+-----+-----+-----+-----+-----+-----+-----+-----+-----+-----+-----+-----+-----+-----+-----+-----+-----+-----+-----+-----+-----+-----+-----+-----+-----+-----+-----+-----+-----+-----+-----+-----+-----+-----+-----+-----+-----+-----+
WQtX |    0|    0|    0|    0|    0|    0|    0|    0|    0|    0|    0|    0|    0|    0|    0|    0|    0|    0|    0|    0|    0|    0|    0|    0|    0|    0|    0|    0|    0|    0|    0|    0|    0|    0|    0|    0|    0|    0|    0|    0|    0|    0|    0|    0|    0+    0|
     +-----+-----+-----+-----+-----+-----+-----+-----+-----+-----+-----+-----+-----+-----+-----+-----+-----+-----+-----+-----+-----+-----+-----+-----+-----+-----+-----+-----+-----+-----+-----+-----+-----+-----+-----+-----+-----+-----+-----+-----+-----+-----+-----+-----+-----+-----+
WImX |    0|    0|    0|    0|    0|    0|    0|    0|    0|    0|    0|    0|    0|    0|    0|    0|    0|    0|    0|    0|    0|    0|    0|    0|    0|    0|    0|    0|    0|    0|    0|    0|    0|    0|    0|    0|    0|    0|    0|    0|    0|    0|    0|    0|    0+    0|
     +-----+-----+-----+-----+-----+-----+-----+-----+-----+-----+-----+-----+-----+-----+-----+-----+-----+-----+-----+-----+-----+-----+-----+-----+-----+-----+-----+-----+-----+-----+-----+-----+-----+-----+-----+-----+-----+-----+-----+-----+-----+-----+-----+-----+-----+-----+
WayX |    0|    0|    0|    0|    0|    0|    0|    0|    0|    0|    0|    0|    0|    0|    0|    0|    0|    0|    0|    0|    0|    0|    0|   48|    0|    0|    0|   16|    0|   32|    0|    0|    0|    0|    0|    0|    0|   16|    0|    0|   16|    0|    0|    0|    0+  128|
     +-----+-----+-----+-----+-----+-----+-----+-----+-----+-----+-----+-----+-----+-----+-----+-----+-----+-----+-----+-----+-----+-----+-----+-----+-----+-----+-----+-----+-----+-----+-----+-----+-----+-----+-----+-----+-----+-----+-----+-----+-----+-----+-----+-----+-----+-----+
WXYq |    0|    0|    0|    0|    0|    0|    0|    0|    0|    0|    0|    0|    0|    0|    0|    0|    0|    0|    0|    0|    0|    0|    0|    0|    0|    0|    0|    0|    0|    0|    0|    0|    0|    0|    0|    0|    0|    0|    0|    0|    0|    0|    0|    0|    0+    0|
     +-----+-----+-----+-----+-----+-----+-----+-----+-----+-----+-----+-----+-----+-----+-----+-----+-----+-----+-----+-----+-----+-----+-----+-----+-----+-----+-----+-----+-----+-----+-----+-----+-----+-----+-----+-----+-----+-----+-----+-----+-----+-----+-----+-----+-----+-----+
WXQt |    0|    0|    0|    0|    0|    0|    0|    0|    0|    0|    0|    0|   64|    0|    0|    0|    0|    0|    0|    0|    0|    0|    0|   48|    0|    0|    0|    0|    0|   96|    0|    0|    0|    0|    0|    0|    0|    0|    0|    0|    0|    0|    0|    0|    0+  208|
     +-----+-----+-----+-----+-----+-----+-----+-----+-----+-----+-----+-----+-----+-----+-----+-----+-----+-----+-----+-----+-----+-----+-----+-----+-----+-----+-----+-----+-----+-----+-----+-----+-----+-----+-----+-----+-----+-----+-----+-----+-----+-----+-----+-----+-----+-----+
WXIm |    0|    0|    0|    0|    0|    0|    0|    0|    0|    0|    0|    0|    0|    0|    0|    0|    0|    0|    0|    0|    0|    0|    0|    0|    0|    0|    0|    0|    0|    0|    0|    0|    0|    0|    0|    0|    0|    0|    0|    0|    0|    0|    0|    0|    0+    0|
     +-----+-----+-----+-----+-----+-----+-----+-----+-----+-----+-----+-----+-----+-----+-----+-----+-----+-----+-----+-----+-----+-----+-----+-----+-----+-----+-----+-----+-----+-----+-----+-----+-----+-----+-----+-----+-----+-----+-----+-----+-----+-----+-----+-----+-----+-----+
WxY0 |    0|    0|    0|    0|    0|    0|    0|    0|    0|    0|    0|    0|    0|    0|    0|    0|    0|    0|    0|    0|    0|    0|    0|    0|    0|    0|    0|    0|    0|    0|    0|    0|    0|    0|    0|    0|    0|    0|    0|    0|    0|    0|    0|    0|    0+    0|
     +-----+-----+-----+-----+-----+-----+-----+-----+-----+-----+-----+-----+-----+-----+-----+-----+-----+-----+-----+-----+-----+-----+-----+-----+-----+-----+-----+-----+-----+-----+-----+-----+-----+-----+-----+-----+-----+-----+-----+-----+-----+-----+-----+-----+-----+-----+
WxQ0 |    0|    0|    0|    0|    0|    0|    0|    0|    0|    0|    0|    0|    0|    0|    0|   16|    0|    0|    0|    0|    0|    0|    0|    0|    0|    0|    0|    0|    0|    0|    0|    0|    0|    0|    0|    0|    0|    0|    0|    0|    0|    0|    0|    0|    0+   16|
     +-----+-----+-----+-----+-----+-----+-----+-----+-----+-----+-----+-----+-----+-----+-----+-----+-----+-----+-----+-----+-----+-----+-----+-----+-----+-----+-----+-----+-----+-----+-----+-----+-----+-----+-----+-----+-----+-----+-----+-----+-----+-----+-----+-----+-----+-----+
WxI0 |    0|    0|    0|    0|    0|    0|    0|    0|    0|    0|    0|    0|    0|    0|    0|    0|    0|    0|    0|    0|    0|    0|    0|    0|    0|    0|    0|    0|    0|    0|    0|    0|    0|    0|    0|    0|    0|    0|    0|    0|    0|    0|    0|    0|    0+    0|
     +-----+-----+-----+-----+-----+-----+-----+-----+-----+-----+-----+-----+-----+-----+-----+-----+-----+-----+-----+-----+-----+-----+-----+-----+-----+-----+-----+-----+-----+-----+-----+-----+-----+-----+-----+-----+-----+-----+-----+-----+-----+-----+-----+-----+-----+-----+
WxYX |    0|    0|    0|    0|    0|    0|    0|    0|    0|    0|    0|    0|    0|    0|    0|    0|    0|    0|    0|    0|    0|    0|    0|    0|    0|    0|    0|    0|    0|    0|    0|    0|    0|    0|    0|    0|    0|    0|    0|    0|    0|    0|    0|    0|    0+    0|
     +-----+-----+-----+-----+-----+-----+-----+-----+-----+-----+-----+-----+-----+-----+-----+-----+-----+-----+-----+-----+-----+-----+-----+-----+-----+-----+-----+-----+-----+-----+-----+-----+-----+-----+-----+-----+-----+-----+-----+-----+-----+-----+-----+-----+-----+-----+
WxQX |    0|    0|    0|    0|    0|    0|    0|    0|    0|    0|    0|    0|    0|    0|    0|    0|    0|    0|    0|    0|    0|    0|    0|    0|    0|    0|    0|    0|    0|    0|    0|    0|    0|    0|    0|    0|    0|    0|    0|    0|    0|    0|    0|    0|    0+    0|
     +-----+-----+-----+-----+-----+-----+-----+-----+-----+-----+-----+-----+-----+-----+-----+-----+-----+-----+-----+-----+-----+-----+-----+-----+-----+-----+-----+-----+-----+-----+-----+-----+-----+-----+-----+-----+-----+-----+-----+-----+-----+-----+-----+-----+-----+-----+
WxIX |    0|    0|    0|    0|    0|    0|    0|    0|    0|    0|    0|    0|    0|    0|    0|    0|    0|    0|    0|    0|    0|    0|    0|    0|    0|    0|    0|    0|    0|    0|    0|    0|    0|    0|    0|    0|    0|    0|    0|    0|    0|    0|    0|    0|    0+    0|
     +-----+-----+-----+-----+-----+-----+-----+-----+-----+-----+-----+-----+-----+-----+-----+-----+-----+-----+-----+-----+-----+-----+-----+-----+-----+-----+-----+-----+-----+-----+-----+-----+-----+-----+-----+-----+-----+-----+-----+-----+-----+-----+-----+-----+-----+-----+
NmCl |    0|    0|    0|    0|    0|    0|    0|    0|    0|    0|    0|    0|   48|    0|    0|    0|    0|    0|    0|    0|    0|    0|    0|   16|    0|    0|    0|    0|    0|   16|    0|    0|    0|    0|    0|    0|    0|   16|    0|    0|    0|    0|    0|    0|    0+   96|
     +-----+-----+-----+-----+-----+-----+-----+-----+-----+-----+-----+-----+-----+-----+-----+-----+-----+-----+-----+-----+-----+-----+-----+-----+-----+-----+-----+-----+-----+-----+-----+-----+-----+-----+-----+-----+-----+-----+-----+-----+-----+-----+-----+-----+-----+-----+
AjCl |    0|    0|    0|    0|    0|    0|    0|    0|    0|    0|    0|    0|    0|    0|    0|    0|    0|    0|    0|    0|    0|    0|    0|    0|    0|    0|    0|    0|    0|    0|    0|    0|    0|    0|    0|    0|    0|    0|    0|    0|    0|    0|    0|    0|    0+    0|
     +-----+-----+-----+-----+-----+-----+-----+-----+-----+-----+-----+-----+-----+-----+-----+-----+-----+-----+-----+-----+-----+-----+-----+-----+-----+-----+-----+-----+-----+-----+-----+-----+-----+-----+-----+-----+-----+-----+-----+-----+-----+-----+-----+-----+-----+-----+
Voct |    0|    0|    0|    0|    0|    0|    0|    0|    0|    0|    0|    0|    0|    0|    0|    0|    0|    0|    0|    0|    0|    0|    0|    0|    0|    0|    0|    0|    0|    0|    0|    0|    0|    0|    0|    0|    0|    0|    0|    0|    0|    0|    0|    0|    0+    0|
     +-----+-----+-----+-----+-----+-----+-----+-----+-----+-----+-----+-----+-----+-----+-----+-----+-----+-----+-----+-----+-----+-----+-----+-----+-----+-----+-----+-----+-----+-----+-----+-----+-----+-----+-----+-----+-----+-----+-----+-----+-----+-----+-----+-----+-----+-----+
CPen |    0|    0|    0|    0|    0|    0|    0|    0|    0|    0|    0|    0|   16|    0|    0|    0|    0|    0|    0|    0|    0|    0|    0|    0|    0|    0|    0|    0|    0|    0|    0|    0|    0|    0|    0|    0|    0|    0|    0|    0|    0|    0|    0|    0|    0+   16|
     +-----+-----+-----+-----+-----+-----+-----+-----+-----+-----+-----+-----+-----+-----+-----+-----+-----+-----+-----+-----+-----+-----+-----+-----+-----+-----+-----+-----+-----+-----+-----+-----+-----+-----+-----+-----+-----+-----+-----+-----+-----+-----+-----+-----+-----+-----+
Ellp |    0|    0|    0|    0|   16|    0|    0|    0|    0|    0|    0|    0|    0|    0|    0|    0|    0|    0|    0|    0|    0|    0|    0|   32|    0|    0|    0|    0|    0|   16|    0|    0|    0|    0|    0|    0|    0|    0|    0|    0|    0|    0|    0|    0|    0+   64|
     +-----+-----+-----+-----+-----+-----+-----+-----+-----+-----+-----+-----+-----+-----+-----+-----+-----+-----+-----+-----+-----+-----+-----+-----+-----+-----+-----+-----+-----+-----+-----+-----+-----+-----+-----+-----+-----+-----+-----+-----+-----+-----+-----+-----+-----+-----+
MSyn |    0|    0|    0|    0|    0|    0|    0|    0|    0|    0|    0|    0|    0|    0|    0|    0|    0|    0|    0|    0|    0|    0|    0|    0|    0|    0|    0|    0|    0|    0|    0|    0|    0|    0|    0|    0|    0|    0|    0|    0|    0|    0|    0|    0|    0+    0|
     +-----+-----+-----+-----+-----+-----+-----+-----+-----+-----+-----+-----+-----+-----+-----+-----+-----+-----+-----+-----+-----+-----+-----+-----+-----+-----+-----+-----+-----+-----+-----+-----+-----+-----+-----+-----+-----+-----+-----+-----+-----+-----+-----+-----+-----+-----+
Reop |    0|    0|    0|    0|    0|    0|    0|    0|    0|    0|    0|    0|    0|    0|    0|    0|    0|    0|    0|    0|    0|    0|    0|    0|    0|    0|    0|    0|    0|    0|    0|    0|    0|    0|    0|    0|    0|    0|    0|    0|    0|    0|    0|    0|    0+    0|
     +-----+-----+-----+-----+-----+-----+-----+-----+-----+-----+-----+-----+-----+-----+-----+-----+-----+-----+-----+-----+-----+-----+-----+-----+-----+-----+-----+-----+-----+-----+-----+-----+-----+-----+-----+-----+-----+-----+-----+-----+-----+-----+-----+-----+-----+-----+
XPos |    0|    0|    0|    0|    0|    0|    0|    0|    0|    0|    0|    0|    0|    0|    0|    0|    0|    0|    0|    0|    0|    0|    0|    0|    0|    0|    0|    0|    0|    0|    0|    0|    0|    0|    0|    0|    0|    0|    0|    0|    0|    0|    0|    0|    0+    0|
     +++++++++++++++++++++++++++++++++++++++++++++++++++++++++++++++++++++++++++++++++++++++++++++++++++++++++++++++++++++++++++++++++++++++++++++++++++++++++++++++++++++++++++++++++++++++++++++++++++++++++++++++++++++++++++++++++++++++++++++++++++++++++++++++++++++++++++++++++++++
     |    0|    0|    0|    0|   48|    0|    0|    0|    0|    0|    0|    0|  176|    0|    0|   16|    0|    0|    0|    0|    0|    0|    0|  560|    0|    0|    0|  144|    0|  256|    0|    0|    0|    0|    0|    0|    0|  112|    0|    0|   32|   16|    0|    0|    0+ 1360|
     +-----+-----+-----+-----+-----+-----+-----+-----+-----+-----+-----+-----+-----+-----+-----+-----+-----+-----+-----+-----+-----+-----+-----+-----+-----+-----+-----+-----+-----+-----+-----+-----+-----+-----+-----+-----+-----+-----+-----+-----+-----+-----+-----+-----+-----+-----+
Mesa1
Mesa1
Mesa1
Mesa1
Mesa1
Mesa1
Mesa1
Mesa1
Mesa1
Mesa1
Mesa1
Mesa1
Mesa1
Mesa1
Mesa1
Mesa1
